2671 2210 1212
2671 369 2210
2671 2503 369
2210 369 1751
1494 1212 2210
564 1494 2210
564 2210 2850
322 2671 1212
1751 2850 2210
1751 2544 2850
2748 1751 369
1190 2544 1751
2544 2319 824
2824 2544 1190
2824 1190 2748
298 2544 2824
2544 298 2319
1212 1494 322
96 2850 2544
96 2544 824
2503 2671 797
2824 2748 1873
1961 2824 980
2824 1961 298
2850 2476 564
2476 2850 96
2503 797 1873
369 2503 1873
369 1873 2748
980 2824 1873
1462 1961 980
1494 884 322
2476 2242 564
2671 322 1952
797 2671 1952
1366 96 824
1873 797 2982
1880 1873 2982
980 1873 162
1462 980 162
2412 1494 564
2242 2412 564
1880 162 1873
1961 1462 298
1494 2412 884
1343 2412 2242
1144 322 884
96 2441 2476
1952 322 1144
1366 2441 96
824 1683 1366
1683 824 2319
797 1952 2982
2319 813 1683
2319 298 813
813 298 2723
2723 298 1462
726 1462 162
726 2723 1462
2412 690 884
2194 884 690
2194 1144 884
2476 2441 1343
2476 1343 2242
1952 1144 40
2982 1952 40
1559 1880 2982
1880 1559 162
690 2412 227
2412 1343 2159
227 2412 2159
1343 2441 1901
2441 1366 697
1366 1683 2861
1366 2861 697
2982 40 541
1203 1683 813
1559 2982 541
1559 2677 162
726 162 2677
1343 526 2159
423 2194 2649
2649 2194 690
526 1343 1901
1144 2194 423
697 1901 2441
1301 40 1144
1301 2549 40
541 40 1642
2861 1683 1203
741 1559 541
813 1903 1203
1559 741 2677
2723 1903 813
1903 726 2677
726 1903 2723
2159 526 2643
1144 423 776
1144 776 1301
1489 1901 697
535 697 2861
1642 40 2549
1203 535 2861
1203 1903 225
741 1957 2677
1149 2677 1957
2677 1149 1903
2212 2640 233
1335 2726 2640
2212 1335 2640
2643 1157 2159
2601 2649 690
2092 690 227
2092 2601 690
776 2819 1301
2640 2726 1565
2726 401 1565
233 2640 2525
2401 765 2726
2401 2726 1335
1613 233 853
233 1613 2212
2159 1157 2092
2643 1966 1157
1774 2649 2601
597 1966 2643
597 2643 2572
423 2649 1774
1434 2643 526
1901 1434 526
1489 1434 1901
30 697 535
225 1903 2925
1903 1149 2925
2525 2640 1565
765 401 2726
233 2525 853
1335 2212 1158
1613 1158 2212
2035 1774 1387
423 1774 2035
423 2035 776
2643 1434 2572
697 30 1489
2819 1597 1301
2549 1301 1597
1063 30 535
1597 385 2549
2549 385 1642
1243 1565 469
2525 1565 1243
2009 401 765
853 2525 1243
2171 853 1243
2800 2401 1335
853 2171 2627
1158 48 1335
1335 48 2800
2627 1613 853
776 2035 279
1434 1489 30
1597 2819 691
1063 535 2531
541 1642 385
1203 225 1349
1203 1349 535
741 541 385
1656 741 385
741 1656 1957
2601 165 1774
2819 279 1292
776 279 2819
1434 30 2572
2819 1292 691
1349 2531 535
1597 1791 385
1565 401 2009
1685 2009 765
1685 765 2600
2600 765 2401
1157 821 2092
821 1157 12
12 1157 1966
2035 958 2715
1387 958 2035
165 1387 1774
165 2601 2036
2601 2092 821
2036 2601 821
2479 1613 2627
2899 1158 1613
2479 2899 1613
2715 279 2035
1063 1326 30
1597 691 2466
1597 2466 198
1791 1597 198
1065 1349 1706
1349 225 1706
225 2837 1706
1656 385 1858
2837 225 2925
99 1149 1957
2925 1149 99
1656 99 1957
2401 2800 2600
30 1326 2572
1063 579 1326
2030 579 1063
2531 2030 1063
1791 1858 385
625 1656 1858
1565 955 469
1565 2009 955
469 1723 1243
2171 1243 1723
1400 2600 2800
48 1400 2800
1387 817 958
1387 165 2455
817 1387 2455
12 1966 2324
2324 597 761
1966 597 2324
761 597 2937
2572 2937 597
2937 2572 1750
1292 279 2990
2572 1326 808
1292 2990 691
1326 579 808
579 2470 808
2663 579 2030
2531 1349 330
2030 2531 330
1982 2925 99
2925 1982 2837
2485 1656 625
2485 99 1656
2455 165 2036
2715 2990 279
808 1750 2572
2990 2466 691
2009 2532 955
1723 469 1410
955 1410 469
144 2532 2009
144 2009 1685
498 1685 2600
1797 2171 1723
2627 2171 1797
2627 1797 1358
48 2899 1337
1337 1400 48
160 2627 1358
2899 2479 721
1458 2627 1226
2627 1458 2479
1709 2990 2715
2663 2470 579
1629 2663 2030
1414 198 2466
1629 2030 330
330 1349 1065
1706 2837 161
1858 1791 2377
161 2837 1473
1982 1473 2837
2377 2545 1858
625 1858 2545
1982 99 2485
1369 2036 821
12 1369 821
721 1337 2899
1226 2627 160
808 160 1750
160 808 1226
2470 1226 808
1650 560 2783
1650 1365 560
198 2377 1791
1685 1247 144
822 1723 1410
1685 498 1247
1678 498 2600
1797 1723 2730
1723 822 2730
1678 2600 1400
2196 1678 1400
2455 2036 2695
2455 2695 355
2036 1369 2695
12 2181 1369
2181 12 2324
1935 817 1600
2455 355 1600
817 2455 1600
2196 1400 1337
958 817 1935
1935 2715 958
1935 958 2715
1750 761 2937
436 2479 1458
1599 721 2479
1599 2479 436
1709 2715 958
1458 1226 2470
2783 560 1889
2470 2663 1161
2990 1414 2466
560 1365 2849
770 2663 1629
198 1414 2997
1520 198 2997
1883 1065 1706
1065 1883 2577
987 330 1065
987 1065 2577
1883 1706 161
1520 930 198
198 930 2377
968 1473 1982
1982 2485 968
2485 625 2545
160 1358 1750
721 1599 2783
2783 1337 721
2783 1889 1337
560 951 1889
560 2849 951
1410 955 2532
727 2695 1369
1369 2181 727
2181 525 727
355 2582 1600
1487 2181 2324
2914 2181 1487
1487 2324 761
364 2196 1337
761 308 1487
2439 761 1750
308 761 2439
970 2439 1750
1750 1358 970
958 1935 53
53 1709 958
1337 1889 364
2603 1458 2470
2783 1599 234
2990 1709 1183
1161 2603 2470
1650 2783 234
2990 1183 2366
2366 1414 2990
621 1650 2904
621 1365 1650
2366 455 1414
2997 1414 455
2782 770 1629
987 1508 330
1629 330 1508
1056 2485 2545
970 1358 1797
2603 436 1458
234 2904 1650
2663 770 1161
2904 1161 770
2424 1410 2532
2532 144 323
323 144 1247
822 1410 2424
2365 727 525
1871 355 862
2695 862 355
2721 525 2181
355 1871 2582
2722 2196 364
1027 1935 1600
53 1935 1027
53 1183 1709
1889 951 158
1745 951 2849
1336 2904 770
2904 1336 621
1365 621 2230
692 2849 1365
2230 692 1365
1629 1508 2782
2004 2377 930
161 1473 1051
2 2377 2004
2 2545 2377
1056 2545 2
1677 968 431
1473 968 1677
2485 1056 431
2485 431 968
2365 2695 727
2365 862 2695
2721 2181 2914
1487 308 2914
1889 2722 364
1889 158 2722
2603 234 436
1599 436 234
951 1745 158
1161 234 2603
2904 234 1161
1520 2107 930
2577 1883 532
532 987 2577
2916 1883 161
1051 2916 161
1883 2916 532
1677 1341 1473
1341 1051 1473
1928 584 2795
584 1928 785
1052 1928 2795
2424 2532 754
754 2532 323
822 2424 85
498 2061 1247
498 1525 2061
822 85 2730
1525 498 1678
2721 2914 1518
1422 1525 1678
2914 308 1518
1797 2730 85
1422 1678 2196
1600 2582 1027
970 1797 913
1797 85 913
1422 2196 2722
1637 53 1027
2626 2722 158
1965 158 1745
2366 1183 2981
2849 2834 1745
1479 2366 2981
1479 455 2366
1336 770 2362
2834 2849 692
23 770 2782
2661 455 1479
2661 2997 455
1520 2997 2661
2782 1508 1824
2107 1520 2661
790 1508 987
2084 987 532
2004 930 2107
431 1056 1981
306 2795 1115
1052 2795 306
2439 913 1518
308 2439 1518
2626 1422 2722
770 23 2362
2362 621 1336
2830 2362 23
145 621 2362
2830 145 2362
621 145 2230
1824 23 2782
2830 1115 145
226 1416 872
2084 790 987
1115 2795 145
2795 584 145
1416 584 785
88 1416 785
88 872 1416
2916 2895 2084
1051 1341 1803
826 2916 1051
1803 826 1051
2916 826 2895
1634 323 1247
1634 1247 2061
85 2424 2227
85 2227 353
862 2365 232
2365 525 1264
525 2721 1077
1264 525 1077
1077 2721 1518
1871 862 2422
434 1525 1422
2582 1871 2422
580 913 85
2582 2422 1027
512 2626 158
1965 512 158
1637 2508 53
1183 53 2508
2774 1965 1745
2981 1183 2508
679 2981 2508
2774 1745 426
426 1745 2834
679 111 2981
111 1479 2981
692 2230 806
1824 1508 790
2107 1691 2004
584 1416 2167
2 2004 1691
649 1056 2
1981 1056 649
1341 1677 205
2688 872 88
306 1115 2419
2688 88 1738
1052 306 1704
1851 785 1928
893 785 1851
1194 1052 1704
1052 1194 1928
1928 517 1851
2943 826 1803
2834 226 426
692 226 2834
1729 426 226
2167 692 806
692 2167 226
2230 145 806
1416 226 2167
859 1729 226
872 859 226
594 2107 2661
1824 938 23
23 938 2830
584 806 145
806 584 2167
1639 859 872
2830 938 2419
2419 1115 2830
872 2688 1639
431 205 1677
893 88 785
1194 517 1928
2424 754 1091
323 2717 754
323 1634 2717
2424 1091 2227
862 1153 2422
1153 862 232
1518 913 2666
1525 1096 2061
2044 85 353
580 2666 913
580 85 2044
1027 2422 477
2626 434 1422
1637 1027 477
967 2626 512
430 2508 1637
430 1919 2508
1919 679 2508
769 2774 426
2454 111 679
1479 111 2105
1479 2105 2661
594 2661 1071
1824 790 2447
1824 2447 938
802 2107 594
1630 2107 802
2107 1630 1691
284 790 2084
766 1639 2688
2173 2 1691
649 2 2173
787 431 1981
431 787 205
1803 1341 205
2330 2895 826
2330 826 2943
1525 2646 1096
2646 2238 1096
1525 434 2646
434 2626 967
2518 180 2154
2154 1130 2518
1099 2154 512
512 1965 1099
1099 1130 2154
1965 2774 1099
2652 1130 1099
769 426 1729
790 284 2447
938 306 2419
2084 2895 284
766 2688 1738
787 2339 205
2895 1853 284
1222 1738 88
893 1222 88
2330 1853 2895
104 517 1194
104 1194 2114
1822 2114 2083
2871 104 2114
1822 2871 2114
2871 815 104
1748 815 2871
1748 1703 815
2768 1748 2871
1748 475 1703
2768 475 1748
22 1634 2061
1096 943 22
1096 2238 943
1077 1518 1187
143 1077 1187
2550 310 2646
310 2238 2646
1264 1077 143
2666 1187 1518
967 2646 434
2646 967 2055
1760 1637 477
430 1637 1760
2652 1099 2774
1618 111 2454
2105 111 1618
1379 1729 859
1071 2661 2105
594 1071 83
303 859 1639
802 594 1293
1584 2447 284
1584 938 2447
2180 1639 766
1691 547 2173
306 938 2843
1298 1981 649
1298 787 1981
306 2843 661
1704 306 661
2667 766 1738
1113 1803 205
2667 1738 1222
590 1803 1113
1803 590 2943
56 1853 2330
2114 1704 885
1194 1704 2114
2083 885 2936
2083 2114 885
2871 1822 181
1703 294 815
181 1968 2871
2871 1968 2768
2956 1703 475
1477 475 2768
22 2061 1096
2646 2055 2550
2154 2055 967
512 2154 967
2055 2154 180
2774 769 2652
1729 464 769
1293 83 513
1293 594 83
513 1581 1655
1655 1293 513
2397 802 1293
1639 2180 303
2843 938 1584
2437 284 1853
1651 2437 1853
2437 661 2843
1651 1853 56
885 661 2437
885 1704 661
1651 885 2437
2021 1851 517
2021 893 1851
2936 885 1651
104 2021 517
893 2021 1702
893 1702 1222
2083 2936 452
104 294 2021
815 294 104
452 1822 2083
2717 2489 754
2489 2717 640
640 1634 1861
1861 1634 22
2893 943 2238
1091 754 2489
1814 1091 2489
2238 1659 2893
2238 310 1659
2227 1091 1814
1153 232 2129
232 1264 2129
2129 1264 143
1187 2666 1175
2044 2227 1108
353 2227 2044
2422 1153 1583
477 2422 1583
1175 2666 580
580 2044 1175
2550 2055 180
180 2518 2514
1760 477 1112
1474 2518 1130
430 1760 2323
430 2323 1919
2323 200 1919
4 1130 2652
464 2652 769
643 2454 1919
643 1919 200
2454 643 1618
643 2357 1618
464 1729 1379
513 83 1478
859 303 1379
1581 513 1746
802 2397 256
1293 1655 2397
256 1630 802
1298 649 2670
1584 284 2843
2180 766 2667
284 2437 2843
396 2667 1222
2889 2943 590
2889 2330 2943
56 2330 1668
2936 1651 1997
2243 1222 1702
1702 2021 294
1926 1822 452
954 294 1703
2608 954 1703
2956 2608 1703
1926 181 1822
1477 2768 1968
1175 2044 1108
2514 310 2550
180 2514 2550
2652 464 4
513 1478 1746
2408 1478 83
1581 593 1655
1298 1647 787
1647 2339 787
1647 1794 2339
1794 1113 2339
1668 2330 2889
1668 1997 56
1651 56 1997
2243 396 1222
954 1702 294
1968 181 1926
456 2893 1659
2866 1108 2227
2866 2227 1814
2629 1153 2129
143 1187 771
1187 1175 1945
1583 1153 2629
1010 310 2514
1112 477 1583
1474 2514 2518
598 1474 1130
598 1130 1495
1495 1130 4
1495 4 1686
1545 464 1379
83 1071 1296
2408 83 1296
2357 1296 2105
2105 1296 1071
303 2066 1379
303 2180 1069
2483 2397 1655
1744 1630 256
1744 256 2483
1630 1744 547
1661 2173 547
1959 649 2173
1959 2173 1661
1959 2670 649
593 147 1655
147 2483 1655
1959 1298 2670
1069 2180 2667
590 1113 1977
2667 396 2065
777 2889 590
2936 1997 631
452 2936 631
1322 452 631
1322 1926 452
1477 1968 390
1861 943 2127
2127 943 2893
22 943 1861
1861 606 640
464 1545 4
1746 2789 1581
2397 2483 256
1744 1661 547
1959 1647 1298
1794 1977 1113
1381 1668 2889
1668 1381 2618
2618 1997 1668
1997 2618 631
954 610 1702
610 2243 1702
1861 2127 1316
2489 415 573
640 415 2489
1814 2489 573
1659 310 941
2129 143 2346
2346 143 2233
143 771 2233
771 1187 2220
2220 1187 149
1175 1108 1945
941 310 1010
149 1187 1945
1505 1010 2514
1505 2514 1474
1760 1112 575
2323 1760 575
575 2880 2323
2689 2323 2880
2689 200 2323
643 200 2689
643 2689 1230
4 935 1686
4 1545 935
1230 2357 643
349 1746 1478
531 2408 1296
2357 2556 1296
1379 2964 1545
2964 1379 2066
678 2066 303
2789 1746 349
303 1069 678
1581 1179 593
2789 1179 1581
2225 1069 2667
2675 147 593
2225 2667 2065
1959 2787 1647
1794 97 1977
777 590 1977
1794 1647 2787
2065 396 2243
777 1381 2889
1926 1322 2654
1926 2654 1038
2219 2956 1773
2608 2956 2219
1773 2956 879
390 1968 1926
2956 475 879
2495 1477 390
879 1477 2495
1477 879 475
1861 1316 606
297 1316 2127
801 297 2127
2127 456 801
2127 2893 456
415 640 606
1959 1661 274
2787 1959 2312
2608 2219 610
954 2608 610
2438 801 456
456 1659 941
2866 1814 573
415 1459 573
2129 416 2629
416 2129 2346
1583 2629 78
1112 1583 78
1112 78 1129
575 1112 1129
1505 1474 598
1495 1686 490
1963 1230 2689
1478 2408 2662
2662 2408 531
2556 2357 2511
1230 2511 2357
349 1478 2662
1296 2556 531
1141 2789 349
2033 678 1069
1179 2789 725
49 2033 1069
1533 2483 147
49 1069 2225
2675 593 1179
1744 2483 1533
67 1661 1744
2312 1959 274
704 2787 2312
1263 1977 97
974 2065 2243
1381 777 1263
1381 1263 1628
190 974 2243
380 1381 1628
2243 610 190
2618 1381 380
2618 2310 631
2310 1322 631
190 610 2219
390 1926 1038
490 598 1495
2964 935 1545
67 274 1661
2787 568 1794
568 97 1794
1316 297 1971
1971 297 1670
297 801 1670
606 1316 1633
1633 2396 606
415 606 2396
2438 456 843
456 941 843
170 573 1459
2233 1893 698
771 1893 2233
1893 771 2220
996 1108 2866
2866 573 170
2326 2866 170
416 1005 2629
2233 698 2346
1108 996 2612
1108 2612 1945
941 1010 628
628 1010 2228
78 2629 2390
2390 2629 1005
2228 1010 1505
1129 78 2693
2881 2880 575
2163 598 1148
1148 598 490
2689 2880 1605
1686 935 212
2511 1230 347
347 1230 1963
2662 531 712
1711 349 2662
1711 1141 349
725 2789 1141
2234 1744 1533
2234 1533 688
67 1744 2234
67 2312 274
2065 974 2225
2113 974 190
380 1826 2618
2618 1095 2310
1826 1095 2618
2654 1322 2310
2654 639 1038
732 2219 1773
1594 390 1038
390 1594 2495
1971 84 1316
598 2163 1505
2880 2881 1605
2057 1148 490
490 212 2057
1686 212 490
97 924 1263
1971 318 759
318 1971 1670
900 1316 84
801 1225 1670
1633 1316 900
1225 801 2438
927 415 2396
415 927 1459
843 941 628
1893 2220 2653
996 2866 619
2866 2326 619
2115 1005 416
2115 416 2346
149 2612 2220
2612 417 2220
996 417 2612
63 2228 1505
63 1505 2163
2689 1605 2143
2057 212 1274
712 531 2669
2669 531 1364
531 2556 1364
1364 2556 2511
1274 212 2964
1274 2964 2066
2195 1274 2066
2195 2066 678
678 1754 2195
2033 1754 678
49 1541 2033
2410 2675 1179
147 2675 1140
688 1533 147
688 147 1140
2315 49 2225
1775 2312 67
704 2312 1775
2315 2225 974
1612 2787 704
1612 568 2787
1588 97 568
1588 924 97
1263 924 1628
133 2310 1095
2710 2654 2310
2710 2310 133
639 2654 2710
847 190 1859
1859 2219 732
2219 1859 190
1038 639 1594
11 732 2062
2062 732 1773
2062 1773 879
2495 1594 2062
2495 2062 879
759 84 1971
2220 417 2653
698 2115 2346
2143 1963 2689
2143 347 1963
2410 2933 2675
2933 1140 2675
2802 318 1670
2875 1670 1225
2056 1225 2438
2056 2438 843
221 2056 843
1932 1893 25
1893 1932 698
25 1893 1437
1437 1893 2653
843 628 221
628 2228 1375
2199 78 2390
2199 2693 78
1605 2881 285
1148 2425 2163
1605 285 1357
2143 1605 1357
314 1148 2057
2191 347 753
347 2191 2511
2039 2662 712
136 2669 1364
2511 2191 1364
280 2662 2039
280 1711 2662
1141 1711 1769
725 1141 1769
725 1769 2602
1792 1754 2033
1792 2033 1541
2410 725 2602
2410 1179 725
1587 67 2234
1541 49 2315
1775 67 1587
2428 704 1775
1612 704 2428
1628 924 2719
2315 974 2113
1359 2113 190
847 1359 190
333 639 2710
11 1859 732
639 1202 1594
639 333 1202
1594 1202 2062
1461 759 318
1932 2115 698
285 2881 2693
2143 753 347
1461 2214 759
1461 318 2802
1461 2802 1881
84 759 2883
975 2802 1670
975 1670 2875
1225 2056 2875
1633 900 1850
1633 1850 2396
1850 106 2396
927 2396 106
2012 927 106
2653 417 2971
1005 2115 1273
878 2326 170
927 878 1459
1459 878 170
628 1375 221
221 1375 2855
2326 1441 619
2390 427 2199
1005 427 2390
1375 2228 1730
2228 63 2054
1730 2228 2054
2693 2199 285
2163 1089 63
1089 2163 2425
1604 2425 1148
1604 1148 314
2057 566 314
2057 1274 566
712 2669 2039
2191 136 1364
2459 1274 2195
2991 1711 280
2991 1769 1711
2195 1754 596
1792 596 1754
794 1541 2315
688 1140 1492
2234 688 1492
468 1775 1587
1454 568 1612
568 1454 1588
350 2315 2113
2576 350 2113
2576 2113 1359
2719 489 1628
380 1628 489
380 489 1826
1095 1826 2002
133 1095 2002
133 2002 959
2710 133 959
2710 2632 333
825 2246 11
2246 1970 11
11 1970 1238
1859 11 1238
2062 825 11
2062 1202 825
2883 759 2214
2883 1890 84
1890 900 84
2653 2971 1437
1781 206 2115
1781 2115 1932
417 996 2971
996 1724 2971
1273 2115 206
619 1724 996
878 927 2012
427 1005 1273
1089 2054 63
753 1442 2191
136 2191 1442
1492 1587 2234
1886 1492 1140
2428 1775 468
1817 1826 489
2367 1461 1881
2214 1461 283
2595 2214 283
1890 2883 438
900 1890 2587
900 2587 1850
2056 94 2875
1850 1402 106
1437 823 2204
1437 2971 823
142 2056 221
2855 142 221
1932 1057 1781
1057 1932 25
2204 25 1437
1299 878 2012
878 1441 2326
1375 1590 2855
565 1590 1375
565 1375 1730
1013 285 2199
1013 1357 285
1357 1664 2143
753 2143 1664
1274 2459 566
280 2039 2928
2991 280 2928
2459 2195 596
794 1792 1541
2410 2602 1408
2410 1408 840
2933 2410 840
1587 1492 468
2152 794 2315
840 1886 2933
1140 2933 1886
1454 2947 1588
2152 2315 350
1110 1612 2428
195 1612 1110
1612 195 1454
2947 1497 2719
2719 1497 489
1193 2576 1359
959 2632 2710
397 1859 1238
28 1826 1817
1826 28 2002
283 1461 2367
2214 2595 438
2883 2214 438
1055 823 2971
2971 1724 1055
206 2592 1273
1441 1724 619
2054 2780 1304
1089 2780 2054
1664 552 753
753 552 2079
1442 753 2079
2039 1468 1784
2039 2669 1468
136 2079 1468
2669 136 1468
1442 2079 136
1784 2928 2039
1886 904 1492
2740 1193 1359
847 2740 1359
1859 1368 847
1368 2740 847
2367 1881 874
874 1881 2802
2676 874 2802
2595 2948 438
2948 1890 438
2676 2802 975
2875 94 975
1850 2587 2773
1850 2773 1402
1498 94 2056
206 1781 2487
2487 1781 860
1498 2056 142
106 1402 2012
1402 1299 2012
25 2204 1057
1273 2592 427
460 1724 1441
2199 427 2253
1304 2780 768
1891 1013 2199
1934 2780 1089
231 1089 2425
1357 1013 1664
231 2425 1604
2332 1604 314
1784 1882 2905
1784 1468 1882
1626 314 566
566 2459 1694
1769 2991 891
596 92 2459
42 1769 891
2602 1769 42
596 1792 2851
1408 2602 42
2851 1792 794
840 260 1886
1492 904 468
2428 468 1922
424 2947 1454
1886 743 904
1497 2947 2516
1193 2481 2576
2576 2481 350
2632 959 1480
549 2246 825
549 825 2919
549 1970 2246
489 1497 1295
1260 333 2632
1260 1202 333
2919 825 1202
2919 1202 1260
397 1238 1970
2002 2591 197
2002 197 959
1887 1859 397
1887 1368 1859
2591 2002 28
206 2487 1085
2592 206 1085
1781 1057 860
1730 2054 1304
194 768 2780
1934 194 2780
1089 231 1934
2760 2079 552
1468 2079 2760
2760 1882 1468
489 1295 1817
2741 283 2367
2948 283 1820
2595 283 2948
476 975 94
2042 476 94
1402 2773 510
94 1498 2042
734 823 1055
860 1057 1415
2204 823 1415
1724 2750 1055
1724 460 2750
2204 1415 1057
2698 1402 510
1402 2698 1299
2872 142 2855
375 427 2592
427 375 2253
460 1441 1617
1441 878 1617
1939 1304 768
1900 1304 1939
209 1590 2657
2657 1590 565
2199 2253 505
2657 1900 804
1730 1900 2657
1304 1900 1730
768 2954 1580
2954 768 194
1891 2199 505
1730 2657 565
1013 1891 1664
1664 1378 552
2332 231 1604
32 1784 2905
2332 314 1626
2928 1784 32
1626 566 1694
1967 2991 2928
92 1694 2459
2991 1967 891
1408 260 840
2873 468 904
2428 1922 1221
2428 1221 1110
260 2048 1886
2516 2947 424
2048 743 1886
350 1025 2152
1025 350 2481
1480 959 197
1260 2632 1480
2771 397 549
549 397 1970
238 2481 1193
238 1193 2740
1817 1295 2505
1817 2505 28
2487 363 1085
1695 2592 1085
1695 375 2592
2855 209 2872
2855 1590 209
1580 1939 768
194 1934 876
876 2954 194
552 381 2760
381 1882 2760
381 2905 1882
127 1295 1497
1820 283 2741
1890 2948 672
476 2676 975
1890 672 2587
1123 2587 672
2587 1123 2773
2487 2126 363
860 2126 2487
734 1055 2750
1415 823 734
2872 1498 142
2698 361 1299
361 1617 878
1299 361 878
1939 437 1900
505 2253 1555
1934 231 931
931 876 1934
10 1891 1485
1891 10 1664
931 231 2420
1378 1664 10
381 552 1378
381 1378 1753
2420 231 2332
32 2905 2131
2332 1626 2619
2928 32 755
2928 755 1967
92 1303 1694
1967 1828 891
596 2304 92
42 891 1828
1155 42 1828
2304 596 2851
1408 42 2249
1172 1408 2249
260 1408 1172
2152 2851 794
904 848 2873
260 540 2048
848 904 115
424 1454 2516
1221 2298 1110
195 1110 2298
195 2298 1371
1454 195 1371
115 904 743
1497 2516 127
549 2919 2771
1295 127 2297
197 519 1480
1480 519 1260
1260 2833 2919
1186 397 2771
1186 1887 397
197 2591 1620
238 2740 1368
28 2505 617
617 2591 28
617 1620 2591
363 1105 2596
1085 363 2596
1085 2596 1695
375 1695 2596
2333 1900 437
804 1900 2333
804 209 2657
381 2131 2905
2249 42 1155
1371 2516 1454
127 2516 1371
2833 2771 2919
1515 2741 2367
1986 1515 2367
1986 2367 874
1986 874 2676
2948 1820 1519
2676 2844 1986
672 2948 1519
2676 1705 2844
476 1705 2676
2168 2773 1123
2628 1105 363
2126 2628 363
2126 860 2217
860 1727 2217
510 2773 2168
510 2168 2867
1283 2042 1498
860 1415 1727
1727 1415 2857
276 1283 1498
2368 276 1498
2857 1415 734
2750 460 2638
1498 2872 2368
2638 460 1047
622 510 2867
622 2698 510
460 1617 1047
1866 2368 2872
2253 375 2003
2253 2003 1782
1866 2872 209
1939 1580 1009
2253 1782 1555
876 1580 2954
1485 1891 505
2164 1378 10
2332 1669 2420
865 32 2131
32 865 755
2332 2619 1669
1626 1694 624
1626 624 2619
1967 755 2280
1694 1303 624
2304 1303 92
2304 2851 184
2152 184 2851
2445 260 1172
2873 2478 1922
1025 184 2152
260 2445 540
1221 1922 2478
1221 296 2298
2481 447 1025
2298 2728 1371
2481 238 447
1367 2771 2833
2142 1260 519
1260 2142 2833
1116 1295 2297
2000 197 1620
519 197 2000
763 1368 1887
1368 763 238
1011 2505 1116
1116 2505 1295
2182 1620 617
1753 2131 381
296 2615 2728
296 2728 2298
746 1371 2728
2297 127 1371
2615 1548 2728
1548 746 2728
746 2297 1371
1519 1820 989
1820 2741 989
989 2741 1515
1515 1986 186
1986 2844 186
793 186 2844
1705 476 2891
2891 476 2042
1105 2628 2353
2628 2126 38
38 2126 2217
2891 2042 1283
2596 1105 2193
1098 734 2750
1098 1191 734
2596 2003 375
2857 734 467
467 734 1191
1098 2750 58
58 2750 2638
361 2698 622
1047 1617 361
1866 209 738
804 2333 209
209 2333 738
437 1939 1451
1451 1939 1009
1580 2373 1009
2373 1580 876
2812 2373 876
2812 876 931
93 2420 1046
93 931 2420
1753 1378 1004
1004 1378 2164
1046 2420 1669
799 1669 2619
799 2619 624
2729 624 920
920 624 1303
2280 1033 1967
1828 1967 1033
1828 1033 641
2304 920 1303
2304 2929 920
1828 641 1155
1133 2304 184
2249 1155 711
1172 2249 711
1172 711 2637
2878 184 1025
2478 2873 848
115 1072 848
296 1221 2024
2878 1025 447
1643 743 2048
743 1643 115
2615 296 2024
238 1855 447
519 2000 2142
1407 2833 2142
2833 1407 134
2833 134 1367
1186 2771 1367
763 1855 238
746 1548 2648
746 2648 261
2297 746 261
2297 261 1116
763 1887 1186
796 2000 1620
2501 2505 1011
2501 617 2505
2182 617 2501
2182 796 1620
738 2368 1866
2333 2208 738
2333 437 2208
2445 1172 2637
2024 1221 2478
989 1515 186
672 1519 854
854 1123 672
2168 1123 854
2353 2628 1166
1705 2891 449
2193 1105 2353
2891 1283 1426
1426 1283 276
1727 271 2217
841 2867 2168
1426 276 1796
2596 2193 614
614 2003 2596
2368 738 1796
2368 1796 276
1983 795 361
622 1983 361
738 2208 1796
113 1782 2003
1047 361 1793
361 795 1793
2841 1555 1782
505 1555 2841
1714 505 2841
1714 2841 2700
505 1714 1485
1485 1714 2935
10 1485 2935
1546 931 93
2812 931 1546
10 2935 2164
1753 1004 2244
471 1753 2244
2131 1753 471
2102 2131 471
457 1046 1669
865 2131 2102
457 1669 799
755 865 2806
2280 755 2806
624 2729 2546
2929 2304 400
2304 1133 400
641 275 1155
275 711 1155
1008 184 2878
359 848 1072
359 2478 848
2048 540 1643
2293 1072 115
1643 2293 115
2635 1186 1367
2635 763 1186
1467 2648 1548
2705 1116 261
2705 1011 1116
2625 2142 2000
1407 2142 2625
796 2182 224
38 1166 2628
841 622 2867
1451 2208 437
1782 113 2841
2024 2478 948
948 2615 2024
2625 2000 796
2625 796 985
1519 989 2157
1785 989 186
1785 186 793
854 1519 2157
1785 793 2060
2823 1785 2060
2823 2060 18
2353 1166 2589
449 2060 1705
449 2803 2060
449 2891 2043
2043 2891 1426
2041 38 2217
854 841 2168
1064 1426 1796
1727 2857 271
618 2857 467
271 2857 618
614 2268 2003
1064 1796 2208
654 2638 1047
1451 653 2208
1451 2472 653
1451 2791 2472
1451 1009 2791
2791 1009 2373
1714 2700 858
2164 2935 1004
1046 1906 93
1906 1046 457
865 2102 2733
799 2128 457
799 16 2128
2103 16 799
2806 865 2733
2103 799 624
2546 2103 624
1033 2280 1236
920 282 2729
2929 282 920
1033 1236 641
711 2706 714
275 2706 711
1008 1133 184
2637 711 714
1223 2445 2637
1319 2445 1223
540 2445 1319
1072 2293 359
2478 359 948
540 1319 1643
2804 2878 447
1855 2804 447
1548 2615 19
1367 134 1120
1120 2635 1367
120 1855 763
763 2635 120
1467 546 2648
261 2648 546
1312 1011 2705
134 1407 587
2501 1011 1312
1988 2182 2501
1988 2501 733
224 2182 1988
224 985 796
2625 985 1931
841 1342 1983
622 841 1983
653 1064 2208
1793 654 1047
2700 2841 113
858 2935 1714
2806 1236 2280
19 2615 948
2221 2705 261
2625 587 1407
2625 1197 587
1931 1197 2625
2157 989 220
989 1785 220
854 2157 986
1785 2823 398
1166 38 1776
2589 1166 1776
1776 38 2041
1553 449 2043
2043 1426 2469
406 2193 2353
2119 2193 406
2589 406 2353
2060 2803 18
18 2803 1578
2803 449 1553
1064 2469 1426
914 2217 271
841 854 2203
841 2203 1342
2119 1998 2193
1998 614 2193
1191 618 467
58 2718 1098
2718 58 1205
1205 58 2679
2679 58 2638
2385 2268 614
2679 2638 654
1983 1342 795
2700 113 2840
2791 2609 311
2609 2791 2373
858 327 2935
2373 2812 2609
894 2935 327
2935 894 1004
1546 1443 2609
2609 2812 1546
1443 93 1906
93 1443 1546
2244 1004 894
150 944 471
150 471 2244
457 2128 1906
2103 1127 16
332 2806 2733
2546 2468 2103
2468 2546 282
2121 282 2929
1236 275 641
2929 400 1330
2929 1330 2121
1330 400 1133
2713 1330 1133
2713 1133 1008
2910 2637 714
1223 2637 2910
2878 429 1008
429 2878 2804
1643 1319 2053
2293 1643 663
2887 359 2293
1643 2053 663
1396 2804 1855
1396 1855 120
2635 1029 120
1029 2635 1120
791 1548 19
1120 134 2764
791 1467 1548
546 1467 791
1312 2705 1734
2764 134 587
2221 261 546
818 224 1988
914 2041 2217
1191 2216 618
1191 1098 2216
1870 271 618
1870 914 271
2718 2216 1098
1342 654 795
2268 2385 2840
113 2268 2840
2700 2840 858
2102 471 944
2265 1236 2806
1236 2207 275
359 2887 948
19 948 2887
1785 398 220
986 2203 854
2823 2805 398
1776 406 2589
2823 1941 2805
618 2216 744
1941 2823 18
1941 18 2952
1064 501 2469
2216 2718 313
2952 18 1578
501 1064 2870
1342 2203 187
2870 1064 653
1998 2385 614
2472 36 653
858 2840 1446
858 1446 327
311 2472 2791
1443 311 2609
311 1443 2932
150 894 2998
894 150 2244
1443 1906 638
2102 2248 332
1610 1906 2128
332 2733 2102
2103 2468 1127
2265 2806 332
1236 2265 1899
1899 2207 1236
2706 275 2207
714 2706 1334
714 1334 2910
663 2480 2293
2293 2480 2887
429 2804 1396
1396 1937 429
1937 1396 1289
749 19 2887
120 1029 1289
1289 1396 120
2764 404 1120
1029 1120 404
1448 546 791
1734 2705 2221
91 733 1312
1644 2764 587
2077 985 818
818 985 224
1609 985 2077
1197 1931 1768
1931 985 1609
59 1931 1609
744 2913 1237
2216 2913 744
2216 313 2913
1870 618 744
2718 1205 313
654 187 2679
654 1342 187
327 1446 1121
2998 327 1121
327 2998 894
2248 2102 944
587 1197 1644
1197 1768 1644
59 1768 1931
2157 1282 1370
986 2157 2831
1282 2157 220
1816 1237 2913
1816 2913 1020
2831 2203 986
1553 2043 1352
2043 2151 1352
501 2151 2043
501 2043 2469
406 1776 2119
2041 914 2969
187 2203 2831
187 2831 1423
1205 1682 313
2952 1578 875
875 1578 2803
2803 465 875
465 2803 1553
1352 465 1553
1998 2119 899
2679 1682 1205
2679 187 1682
875 465 620
2385 1998 1930
653 36 2870
1930 2840 2385
2472 681 36
2840 1679 1446
1679 2735 1121
1679 1121 1446
681 2472 311
2932 681 311
2998 1121 1648
945 2028 2932
945 2932 1443
945 1443 638
332 2248 536
1906 1610 638
536 1124 332
16 1610 2128
686 16 1127
2265 332 1124
2450 2468 282
2450 282 2121
2121 1330 585
2706 2207 1334
137 585 1330
1330 2713 137
2910 1334 1090
2409 2713 1008
1008 429 2409
2910 148 1223
429 1937 2409
148 1319 1223
2053 1319 148
749 2887 1621
2764 2828 404
19 1921 791
1448 791 1537
2221 1534 676
1734 2221 676
2828 2764 1644
1448 2221 546
1448 1534 2221
91 1312 1734
577 733 91
1988 733 577
2913 2267 1020
2157 1370 2831
141 1237 1816
1237 141 2122
744 1237 2122
1870 744 2122
1682 2267 2913
313 1682 2913
1870 2969 914
2998 1648 944
150 2998 944
686 1610 16
1621 2887 2480
1921 19 749
818 1988 577
577 2077 818
1370 551 2256
1282 2681 1370
1020 2267 2106
1044 220 398
2805 1044 398
2183 2122 141
2183 1870 2122
2267 1682 611
1776 2041 1028
1262 1776 1028
2041 2969 1028
1870 2183 2969
187 1423 611
1044 2805 1941
121 1352 2151
1465 2119 1776
2119 1465 899
465 1352 1582
1352 121 1582
1998 899 1930
1117 2840 2949
2949 2840 1930
1117 1679 2840
1121 2735 421
421 1648 1121
638 1610 756
2468 295 686
2468 686 1127
295 2468 2450
1840 2450 2121
1899 109 2207
1840 2121 585
1334 2207 109
2409 137 2713
148 2910 1090
1075 2409 1937
2120 2053 148
2484 663 2053
2480 663 2484
1075 1937 1289
47 1075 1289
47 1289 1029
47 1029 1846
404 1846 1029
1921 749 248
676 1534 2898
2912 791 1921
791 2912 1537
1448 1577 1534
2202 1734 676
1734 2202 91
577 91 1119
2077 577 2190
1609 2077 368
788 1768 59
788 59 2013
1370 1821 551
1816 537 2025
1816 73 537
1816 1020 73
2681 1821 1370
141 1816 2025
2106 73 1020
2256 551 2106
2267 2256 2106
2831 1370 2256
1423 2831 2256
611 2256 2267
2256 611 1423
1682 187 611
1648 2248 944
1621 248 749
248 2912 1921
1119 2190 577
551 1821 2011
2025 1018 141
953 1282 220
953 220 1044
2977 2183 141
1941 484 1044
1776 1262 1465
2183 1028 2969
2952 484 1941
2151 501 2356
2356 501 1969
2239 899 1465
875 484 2952
2462 465 1582
2870 1969 501
1969 2870 1333
465 2462 620
36 1333 2870
36 717 1333
1819 717 36
422 1930 899
422 2949 1930
681 1819 36
1502 2735 576
2735 1679 576
1117 576 1679
421 2735 1502
1103 681 2932
2932 2028 1103
2542 1648 421
2028 945 2770
2542 999 2248
2542 2248 1648
131 2770 945
131 945 638
2248 999 2515
2248 2515 536
1124 536 1258
756 1610 686
1124 1258 2903
208 1124 2903
2265 1124 208
208 1899 2265
208 109 1899
208 1872 109
109 1872 1209
1334 109 1209
1334 1209 419
1090 1334 419
137 2409 1712
1090 419 1762
2409 383 1712
1762 148 1090
383 2409 1075
2457 2053 2120
2484 2053 2457
2484 1992 2480
2480 1992 1621
1846 404 2110
2110 404 2828
248 1621 2658
1448 1537 1577
2801 1534 1577
1534 2801 2898
2912 1310 1537
2828 1644 2110
213 2110 1644
1483 91 2202
1245 1644 1768
1483 1119 91
368 2077 2190
604 1245 1768
604 1768 788
377 59 1609
377 2013 59
1440 537 73
2106 758 73
551 758 2106
2011 758 551
1282 1208 2681
1282 953 1208
1018 2977 141
1245 213 1644
1440 715 537
73 758 1440
1821 2681 114
537 715 2025
2133 953 1044
2183 352 1028
1044 484 2133
979 2239 1465
875 2109 484
620 2109 875
620 1290 2109
2239 81 899
2462 1290 620
422 899 81
2160 422 81
576 2287 1502
1103 1819 681
2175 421 1502
2215 1103 2028
2770 2215 2028
1845 131 638
1845 638 756
756 686 1902
686 295 1902
1722 208 2903
2903 1258 1722
1386 295 2450
1053 208 1722
2450 2327 1386
208 608 1872
208 1053 608
2450 1840 2327
1840 703 2327
1536 1840 585
1536 585 137
1536 137 1712
2755 1712 383
148 1762 2120
1075 47 668
2484 365 1992
2658 1621 1992
1577 1537 338
1310 338 1537
183 2898 2801
2202 676 2898
2202 2898 183
2190 1894 368
2187 1609 368
2187 368 2708
1609 2187 377
2200 1440 758
1208 114 2681
2354 2912 248
604 1457 1245
1039 1245 533
1457 533 1245
377 2874 2013
2011 1821 2885
1821 114 2885
2200 758 2108
2108 758 2011
2580 2025 715
2580 1018 2025
543 1208 953
707 2977 1018
707 2183 2977
352 2183 707
2133 484 1747
1262 1028 687
687 1028 352
1465 2569 979
1465 1262 687
2569 1465 687
484 2109 1747
1779 1582 1409
1582 1779 2462
121 1409 1582
736 2356 1969
81 2239 979
576 1117 207
207 1117 2072
1117 2949 2072
2160 2949 422
2072 2949 2160
576 207 2287
1561 1502 2287
2175 1502 1561
2175 1726 421
421 1726 2542
999 2542 1726
2215 2770 131
2515 999 24
2515 1026 536
1845 756 901
1258 536 1026
1902 901 756
1722 1258 828
295 2655 1902
1722 828 1053
295 1386 2655
1209 1872 608
703 1840 1536
1536 1712 2755
1762 419 1412
668 383 1075
1762 937 2120
2457 2120 937
2884 668 47
2484 2457 1470
2484 1470 365
2884 47 1846
445 2387 1846
2658 1992 1313
445 1846 2110
1310 1573 338
183 2801 1577
183 855 2202
445 2110 213
445 213 2306
2202 855 1424
2354 248 2658
1310 2912 2354
1483 2202 1424
213 1245 2306
1245 1039 1974
1483 633 1119
2708 368 1894
633 2190 1119
2714 2190 633
1894 2190 2714
788 2100 604
604 2100 1457
533 1457 2864
2995 788 2013
736 121 2356
736 1409 121
1290 2462 1779
1039 34 1974
1039 2563 34
1039 1417 2563
1417 995 2563
1245 1974 2306
533 1417 1039
2023 1417 533
533 2864 2023
2100 2864 1457
2187 2874 377
2187 1805 2874
2874 2995 2013
1830 2874 1805
2222 2995 2874
2874 1830 1068
1068 2222 2874
1163 1440 2200
2011 2426 246
2011 2885 2426
715 1440 1163
2158 715 1163
2011 246 2108
114 1208 2575
2158 2580 715
707 1018 2580
2393 543 953
2133 2393 953
2133 1476 2393
1476 2133 1239
352 707 2460
2133 1747 1239
839 1239 1747
839 1747 2109
1779 1409 830
1690 736 1969
839 2109 1625
1333 1690 1969
1333 202 1690
1779 9 1290
202 1333 717
207 1003 2287
1819 1271 717
1271 1819 1103
87 2175 1561
2215 356 1103
999 1726 24
2515 24 1026
1258 1026 828
1902 2655 387
387 901 1902
2275 780 1386
780 2655 1386
2655 780 1185
1053 828 1444
2275 1386 2327
703 2822 2327
2150 608 1053
2822 703 2037
2150 1209 608
2403 1209 2150
703 1536 2037
419 1209 2403
2403 1412 419
2296 1536 2755
2296 2755 499
937 1762 1412
2755 383 499
499 383 1017
668 1017 383
937 287 2457
287 1470 2457
1470 287 1884
2387 2884 1846
1313 405 2658
2901 338 1573
2901 1577 338
183 1577 855
1577 2901 855
2658 405 2147
1310 925 1573
34 2563 995
2147 2354 2658
607 925 1310
2354 607 1310
1974 34 445
995 1417 272
189 1483 1424
2198 1483 189
633 1483 2198
2548 1417 2023
2714 2848 1894
2708 1894 2848
2708 2848 881
235 788 2474
235 2100 788
2474 788 2995
235 2864 2100
2864 140 2023
1146 2474 2995
1146 2995 2222
2222 1068 1892
2460 687 352
979 2569 2966
819 979 2966
81 979 819
2160 819 2072
87 1726 2175
1974 445 2306
1417 2548 272
2187 881 1805
2073 2864 235
2108 2684 2200
2108 246 2684
2885 1131 2426
2885 114 1131
1131 114 2575
1208 1809 2575
543 1809 1208
707 2580 2900
2900 2460 707
2966 2569 1244
1244 2569 1876
492 1876 687
492 687 2460
2569 687 1876
1239 839 239
736 1772 1409
2303 239 839
569 736 1690
207 2072 1377
1377 2072 819
839 1625 2303
433 1625 2109
433 2109 1606
2109 9 1606
202 717 1271
2984 2287 1003
2287 2984 1561
2552 1271 1103
2984 87 1561
1103 356 2552
2341 1726 87
1979 1726 370
24 1726 1979
24 1979 842
356 2215 131
2560 356 131
2560 131 1845
2019 24 842
24 2019 1026
2560 1845 901
432 828 1026
2655 1185 387
1444 828 2413
578 2275 2327
2822 578 2327
2150 1053 1444
2822 2037 66
1084 2037 1536
1084 1536 2296
937 1412 2236
2236 1676 937
1676 287 937
126 1470 1884
668 2884 1614
365 1470 126
1313 365 126
1313 126 2430
1019 1614 2884
2387 1019 2884
2430 405 1313
445 1128 2387
1128 445 34
34 995 1948
855 2901 2165
855 2165 2348
2354 2147 607
2348 1424 855
881 2848 139
140 2548 2023
1805 881 139
1805 139 906
2281 235 2474
140 2864 2073
1892 1068 269
1409 1772 270
270 830 1409
1772 736 569
2966 2620 1377
819 2966 1377
1377 461 1933
207 1377 1933
1933 1003 207
370 1726 2341
139 2848 2714
1830 1805 906
2281 2474 1146
906 1742 1830
1068 1830 1742
961 269 1742
269 1068 1742
1788 1147 2158
163 1788 2158
1163 163 2158
2200 1567 1163
2200 553 1567
553 2200 2684
2313 1608 2426
2426 1131 2313
1147 2580 2158
2241 2580 1147
246 2426 1608
2900 2580 2241
543 2393 1809
1476 2809 2393
2259 1244 1876
2809 1476 239
1476 1239 239
270 1772 2006
2966 1244 2620
2259 1876 492
239 2303 2554
1168 2554 2303
1779 830 2835
2303 831 1168
2174 1779 2835
202 2897 1690
831 1625 433
2303 1625 831
1779 2174 9
9 2174 1606
1271 2897 202
2984 2205 87
708 2552 356
87 779 2341
2641 1979 370
356 1990 708
2560 1990 356
387 2560 901
105 780 2275
105 2275 816
1087 1185 780
1087 780 105
387 1185 1087
828 432 2413
816 2275 1215
2275 578 1215
1905 578 2822
1511 1444 326
2150 1444 1511
2150 1511 80
2403 2150 80
2403 80 2825
2403 2825 1412
1412 2825 334
2296 499 1084
334 1676 2236
2659 287 1676
2524 1884 287
2524 287 2659
1017 668 1732
126 1884 646
1884 2524 646
1732 668 1614
1394 1614 1019
2387 1128 1019
34 716 1128
716 34 1948
925 2797 1573
57 1573 2797
57 1314 2901
57 2901 1573
995 2288 1948
2901 1314 2165
509 2348 2165
2288 995 272
2452 2288 272
1424 2348 509
1424 509 189
2286 2198 1662
2286 633 2198
444 633 2286
444 2714 633
2714 444 1210
1210 139 2714
1076 2548 140
2836 235 2281
2073 235 2836
1627 140 2073
140 1627 1076
2497 906 1210
1210 906 139
1146 896 2281
2222 479 896
1146 2222 896
1892 479 2222
269 961 1481
1892 269 1261
2418 2006 1772
983 2418 1772
1772 569 983
270 2835 830
461 1377 2620
569 1690 2897
272 2548 2452
1742 906 2497
961 2497 657
961 1742 2497
1481 961 657
1455 1481 657
1455 339 1481
163 1163 2017
1163 1567 2017
613 1131 2575
613 2575 1809
2684 1624 553
246 1624 2684
246 1608 634
1624 246 634
2313 634 1608
2313 1131 613
128 613 1809
1809 2393 128
2900 2241 175
128 2393 2809
175 971 2900
2418 863 2006
1244 563 2620
1244 2259 866
971 492 2460
2460 2900 971
724 2809 239
2006 2118 270
724 239 2554
2835 270 2118
983 569 1436
2471 461 2620
563 2471 2620
1436 569 2897
2892 1436 2897
1933 461 2631
1003 1933 2205
1933 2631 2205
2174 957 1606
2984 1003 2205
1382 2897 1271
2552 1382 1271
779 87 1373
2205 1373 87
370 2341 2641
2641 2341 1275
1087 2560 387
1087 2868 2560
1026 2019 432
1493 2413 432
1493 326 1444
2413 1493 1444
1905 66 2037
1084 499 243
1660 243 499
1660 499 1017
1676 334 2659
1660 1017 1732
2524 2659 1184
1732 1614 693
132 1614 1394
693 1614 132
2430 126 646
1394 372 132
372 1394 1220
2250 1220 1394
405 2430 1710
1019 2250 1394
1710 2147 405
1019 905 2250
1128 716 2606
1189 607 2147
1189 925 607
1189 2797 925
1019 1128 2606
905 1019 2606
509 2520 1756
189 509 705
509 1756 705
189 705 1662
1721 2452 2548
2548 1076 1721
1181 2073 2836
1627 2073 1181
1602 2497 1210
2497 1602 657
1892 1261 479
339 2097 1481
2097 269 1481
1261 269 2097
2986 1800 983
983 1436 2986
2098 2165 1314
2098 509 2165
2098 2520 509
1455 657 2829
623 1147 1788
2276 175 2241
863 2418 293
2418 1557 293
1557 2418 983
983 1800 1557
128 2809 724
1244 52 563
563 52 2842
2355 52 1244
2355 1244 866
2259 1268 866
2259 492 1268
971 1268 492
461 2471 1034
2174 2835 542
2892 2897 1382
2205 2631 402
2205 402 1373
831 433 2338
433 1606 957
2338 433 957
1382 2552 1622
1622 2552 708
2930 2641 1275
779 1275 2341
949 1622 708
1990 949 708
2641 1321 1979
842 1979 1321
2019 842 1321
305 1990 2560
305 2560 2868
432 2019 722
722 2019 2775
969 1087 105
2868 1087 969
1493 432 2251
2251 432 722
2260 326 1493
1905 1215 578
326 2260 1511
2364 80 1511
2846 1905 2037
2846 2037 1084
243 2846 1084
2825 80 2364
2364 1104 2825
1104 2394 334
2825 1104 334
2659 334 2394
1184 646 2524
2430 646 2534
372 2521 132
2430 2534 1710
372 1220 1439
1189 2147 1710
1220 2250 222
716 1948 2288
2797 1189 1539
2797 1539 57
2250 905 222
2452 626 2288
57 2098 1314
1721 626 2452
2286 1662 705
2938 2286 705
1210 444 2358
2281 26 2836
1181 689 1627
1210 2358 1602
26 2281 896
1907 26 896
896 479 1907
657 307 2829
657 1602 307
339 1455 2188
1788 163 2137
163 660 2137
660 163 2017
1034 1560 2631
461 1034 2631
2118 542 2835
2930 1321 2641
1788 2137 623
497 660 2017
1567 2417 497
1567 497 2017
960 2241 623
623 2241 1147
2417 1567 553
2417 553 1624
634 2745 1624
634 1535 2745
634 2313 1535
613 1535 2313
1535 613 128
128 379 1535
293 1557 2672
971 175 2276
863 2283 2006
1800 670 1557
866 2636 290
866 1268 2636
379 128 724
2118 2006 2283
50 670 1800
50 1800 2986
1436 834 2986
1560 1034 2960
1034 2471 2842
2842 2471 563
724 2554 2245
2892 834 1436
2510 834 2892
2631 1560 402
2245 2554 1168
1995 2245 1168
2174 542 2067
831 1995 1168
2067 2347 2174
2892 1382 2510
2174 2347 957
2510 1382 651
651 1382 1622
1275 779 599
779 1373 2316
1543 949 1990
1990 305 1543
281 2019 1321
2775 2019 281
816 1279 105
1215 1279 816
1493 2251 1032
20 1331 2311
706 1331 20
1331 706 2162
508 1331 2162
2260 1493 1032
861 2311 1331
1331 508 861
2262 1279 1215
2262 1215 1905
1419 2262 1905
1452 2364 1511
1419 1905 2846
2659 2394 1823
2659 1823 33
1184 2659 33
1732 2707 1660
1732 693 2707
1184 1564 646
646 1564 2534
1207 132 2521
1220 723 1439
1189 1710 2863
1539 1189 2863
723 1220 222
1761 2606 716
716 1904 1761
716 2288 1904
2014 57 1539
222 905 1877
1904 2288 626
2098 57 2014
1721 1904 626
267 2520 2098
1756 2520 267
705 1756 2938
1078 444 2286
2754 1721 1076
516 689 1181
689 516 2376
689 1076 1627
689 2754 1076
26 1844 2836
2836 1844 1181
1602 2358 307
307 1118 2829
747 1907 479
747 479 1261
2415 747 1261
635 1455 2829
1261 2097 69
2415 1261 69
2188 1455 635
2188 1114 339
1114 2097 339
69 2097 1114
2815 623 2137
2276 2241 960
2636 1268 1102
971 2276 1268
1373 402 2316
599 779 2316
2260 1452 1511
2938 1972 1078
2286 2938 1078
444 1078 2358
2411 2137 660
2411 1266 2815
2411 2815 2137
1432 497 2417
2417 1624 46
2745 46 1624
1268 2276 1102
863 682 2283
863 293 682
1557 2088 2672
2088 1557 670
866 290 2355
2118 2283 751
1912 52 2355
52 1912 1708
50 2986 834
2359 1560 2960
2045 1034 2842
2045 2842 1708
2842 52 1708
542 2118 1576
2359 402 1560
2510 651 2564
1995 831 2338
2338 957 2347
2930 1275 1741
2130 1741 1275
1275 599 2130
949 651 1622
241 651 949
1321 2930 1151
1321 1151 281
2868 491 305
2868 969 491
1955 1404 2955
1955 2955 706
2251 722 103
706 2894 1955
969 105 2307
2894 706 20
706 2955 2162
2307 105 1279
20 1014 2894
1032 2251 2976
1014 20 2311
2162 1393 508
2262 171 1279
2311 582 1014
1393 2467 508
861 582 2311
508 1012 861
1452 2260 1032
582 861 1908
861 2149 1204
1012 2149 861
2423 1908 344
344 1908 861
344 861 1204
2364 1452 1104
700 2846 243
827 2394 1104
827 1823 2394
243 2434 700
2434 243 1660
1660 2707 2434
1184 33 1564
1815 2707 693
1815 693 132
2876 1815 132
667 2876 132
1207 667 132
1710 2534 494
1598 1207 1439
494 2863 1710
494 2461 2863
2461 316 683
2461 683 2863
723 1598 1439
683 1539 2863
683 2622 1539
723 222 2112
2014 1539 2622
222 1877 2112
905 2111 1877
2111 905 2606
2111 2606 1761
2111 1761 1270
1150 2098 2014
1904 1270 1761
1270 1904 2754
1270 2754 278
1733 2098 1150
267 2098 1733
2754 1904 1721
2727 1756 267
278 2754 2376
1531 1756 2727
1531 2938 1756
2938 1531 1972
2376 2754 689
516 1181 1844
2299 26 1907
154 2829 1118
154 2908 2829
2829 2908 635
2815 960 623
2276 960 1102
2672 682 293
402 599 2316
1972 307 1078
1972 1118 307
307 2358 1078
2299 1844 26
1907 747 2299
2411 660 1503
1503 660 497
1432 1503 497
14 2815 1266
2815 14 960
2417 1611 1432
2636 1102 2911
1102 960 2911
960 14 2911
2417 46 1611
1663 2636 2911
1663 290 2636
46 2745 1122
1535 1122 2745
2088 101 2672
1122 1535 379
290 2607 2355
2607 1162 2355
2355 1162 1912
379 724 2245
2960 1034 341
341 1034 2045
1576 2118 751
1411 1576 751
1832 50 834
2960 7 2359
890 1708 1912
919 2245 1995
919 1995 277
2510 1832 834
2510 2564 1832
277 919 1995
919 277 1995
402 2359 2421
402 2421 599
554 2347 2067
2564 651 2940
2553 1995 2338
2338 2347 125
1954 125 2347
2347 554 2926
2347 2926 1954
241 2940 651
1741 1151 2930
241 949 1543
491 1543 305
1543 491 2565
1804 2775 281
1804 722 2775
103 722 1804
2894 360 1955
1404 1955 360
491 969 2307
1549 2687 103
696 2251 103
2687 696 103
2162 2955 538
864 2597 171
171 2597 1279
2307 1279 926
2251 696 2976
729 2894 1014
2784 729 1014
864 1393 2162
2162 538 864
864 171 1393
1279 2597 926
1393 171 2262
2924 1032 2976
2784 1014 582
1393 2262 2467
1012 508 2467
463 2262 1419
1452 1032 2924
849 1452 2924
1419 2846 463
2149 1012 2975
1012 192 2975
1104 1452 2821
2674 2423 344
344 1204 2674
2674 1204 2149
2149 2975 2674
2975 764 2674
192 764 2975
2821 827 1104
1898 33 1823
1564 33 1898
2336 2534 1564
494 2534 2336
2461 494 2081
316 2461 2992
2461 2081 2992
667 1207 1598
683 316 502
316 2992 502
2989 683 502
1688 1598 723
2622 683 2989
2111 1270 278
2111 278 1787
845 2111 1787
1787 278 2376
1733 2727 267
1787 2376 516
1329 1787 516
1329 516 1844
2593 747 2415
2185 2593 2415
69 2185 2415
2767 2188 635
2767 1114 2188
101 682 2672
2421 2130 599
1995 2553 277
849 2821 1452
0 1118 1972
2507 1266 2411
2507 2411 1862
1432 2270 1503
2941 2270 1432
1611 2941 1432
1663 2911 458
101 2088 1725
2607 290 1663
2283 682 2584
751 2283 2584
670 1725 2088
1725 670 50
50 2810 1725
1912 1162 2292
981 379 2245
919 981 2245
1838 2960 341
1576 1411 159
2810 50 1832
7 2960 1838
2045 1708 890
1912 2292 890
829 459 1832
2810 1832 459
1576 159 2049
2564 829 1832
2067 1576 2049
2421 2359 1636
554 2049 2683
554 2067 2049
829 2564 2940
829 2940 2278
2553 2338 1363
1363 2338 125
125 413 2951
125 1954 413
2734 1741 2130
413 1488 2951
1954 2926 413
1741 2734 571
413 1540 1488
1741 571 1151
1488 1540 2136
241 1543 1645
1994 1488 2136
869 1994 2136
1543 41 1645
571 1554 1151
2136 2565 869
41 1543 2565
281 1151 1554
1666 869 2565
1804 281 1554
1666 2565 491
1549 592 1999
1549 1999 2845
1404 360 1000
1000 2955 1404
1000 1649 2955
538 2955 1649
1804 592 103
592 1549 103
2845 2687 1549
360 2894 729
538 1649 1719
538 1719 864
2917 864 1719
1350 2597 864
2917 1350 864
2597 1350 926
2784 750 729
2924 2976 696
2467 2262 2720
2720 2262 463
2467 1654 1012
2467 2720 1654
1908 2423 1566
192 1012 1654
2846 2720 463
1566 2423 2630
2018 192 1654
2674 2630 2423
2018 2846 700
1392 764 192
192 2018 1392
827 992 1823
1392 2541 764
2018 2434 1392
2434 2018 700
992 1898 1823
1392 2434 2707
1392 1815 2541
2541 1815 342
1392 2707 1815
394 1564 1898
342 1815 2876
1564 394 2336
494 2336 2081
1276 2081 2336
2992 2081 70
2081 1276 70
723 2112 1688
2014 2622 1150
529 2112 1877
1877 1767 529
1877 2111 1767
2111 845 1767
1787 185 845
2727 1530 1531
185 1787 1329
1531 1530 0
2680 1118 0
2051 154 2680
635 2908 2767
69 1297 2185
1297 1114 2767
1297 69 1114
2411 1503 1862
1503 1808 1862
1503 2270 1808
2507 1929 14
399 2270 2941
458 2911 1770
1770 2911 1929
2911 14 1929
2941 1611 523
2584 682 101
2607 1663 331
46 523 1611
46 2335 523
1122 2335 46
751 2584 1433
1122 379 981
2607 331 1162
751 1433 1411
2810 603 1725
2045 1049 341
1757 981 919
459 159 1411
2810 459 603
2045 890 2211
1049 2045 2211
652 890 2292
7 1636 2359
210 2211 890
652 210 890
159 459 829
159 829 2049
2421 1636 1231
277 1854 919
277 2553 1854
2049 2278 2683
2049 829 2278
2130 2421 1231
1854 2553 1363
2683 2278 2285
1231 117 2734
2130 1231 2734
2926 2683 2285
1645 2940 241
2278 2940 1645
2926 2285 1540
483 2951 1488
2285 2136 1540
2285 1645 41
2285 41 2136
571 117 1340
571 2734 117
117 2744 897
117 897 1340
2744 1490 897
1554 571 1340
1490 2392 897
1994 483 1488
592 1340 897
897 1999 592
1994 869 2664
1994 2664 324
869 1666 2664
2917 1719 100
100 1719 1649
324 2664 1350
2664 1666 491
2687 2845 685
729 2494 360
2494 729 2685
1350 2917 324
1350 2664 926
2664 491 2307
244 2687 685
2664 2307 926
244 1178 2687
2448 696 2687
1178 2448 2687
729 750 2685
178 2784 582
178 750 2784
750 178 1673
2924 230 849
1908 178 582
849 230 2320
1908 2950 178
1908 1566 2950
2821 849 2320
1566 2630 286
2018 1654 2720
2018 2720 2846
2630 2674 1429
1429 764 60
2674 764 1429
992 827 2821
60 764 2541
394 2621 2336
2621 898 2336
2876 2739 342
898 1276 2336
2992 70 1405
2876 667 1728
2992 1405 502
502 1405 2583
2989 502 2583
2989 2583 1086
8 1598 1688
2989 1086 2622
2112 8 1688
1086 2456 527
1086 527 2622
2622 527 1150
1733 1150 527
185 1767 845
1733 527 2453
1530 1733 2453
1530 2727 1733
1530 2087 0
2087 1265 0
507 1329 1844
507 1844 2299
420 0 1265
420 2680 0
420 2051 2680
1951 507 2299
747 1504 1951
1951 2299 747
154 2051 1652
1504 2593 632
1504 747 2593
2908 154 1652
2593 2185 632
2767 2908 1652
2767 1652 807
2876 1728 2739
1598 1728 667
1598 8 1728
529 8 2112
1808 253 1862
253 2507 1862
1929 2507 253
1360 399 2941
1770 1929 695
2941 523 1360
101 1472 2584
1472 101 1725
523 2335 811
1725 2289 1472
2335 1122 981
1725 603 2289
1162 331 966
2292 1162 966
2292 966 652
459 1411 1433
2289 603 459
1838 341 1154
1154 341 1049
459 1433 2289
1838 772 7
772 1636 7
2211 210 838
210 652 2839
1757 919 803
919 1854 803
1865 117 1231
664 1363 125
2285 2278 1645
2744 117 1865
358 2744 1865
1490 2744 358
2749 2951 483
2951 2749 664
2405 1490 358
1125 2749 483
1490 2405 2392
1125 483 1994
1999 897 2392
1125 324 2318
324 1125 1994
1554 1340 592
1804 1554 592
1999 685 2845
1985 1000 360
1985 360 2494
1649 1000 1985
1985 100 1649
100 2318 2917
2318 324 2917
182 2494 2685
2247 1178 244
2685 750 2858
750 1673 2858
696 2448 2537
696 2537 2924
2924 2537 230
1302 2950 1566
2821 2320 418
1302 1566 286
286 2630 1248
2630 1429 1248
418 992 2821
1111 992 418
60 2541 1700
2038 1898 992
2038 992 1111
394 1898 2038
1700 2541 342
977 1700 342
1276 898 2254
70 1276 2254
2739 977 342
2254 1405 70
527 2456 1361
1484 527 1361
1015 2389 529
529 1767 1015
1484 2453 527
1767 185 1015
185 1219 1015
1329 507 185
1469 420 1265
2369 507 1951
2588 2051 420
1652 2051 2588
1297 632 2185
632 1297 2443
807 1297 2767
529 2389 8
253 2314 1929
253 1808 1397
2270 1397 1808
2270 399 1397
2314 695 1929
1663 458 1229
1663 1229 2007
1229 458 1770
331 1663 2007
523 1771 1360
1771 523 811
2584 1472 1433
1472 2289 1433
1389 811 2335
981 1389 2335
204 981 1757
772 1838 1154
1231 1636 1984
838 210 1586
2839 478 210
210 478 1586
1363 803 1854
664 2749 2979
1388 2392 2405
2749 1125 2318
1388 1999 2392
1171 100 1985
1527 1999 1388
1999 1527 685
2494 673 1985
1527 2886 685
673 2494 2568
685 2886 244
2494 182 2568
2858 182 2685
1980 2247 244
2448 392 2537
1178 392 2448
392 1178 2247
2320 230 1351
418 2320 1351
286 1248 1302
2621 394 1947
2621 1947 856
394 2038 1947
1843 2621 856
898 2621 1843
371 898 1843
2254 898 2561
2561 898 371
2772 2583 1405
8 1106 1728
8 2389 1106
242 1530 2453
242 1425 1530
2068 1219 185
1425 2087 1530
570 2087 1425
2068 185 507
1265 2087 570
570 1469 1265
1951 151 2369
632 1338 1777
1504 632 1777
1504 1777 151
151 1951 1504
2588 1137 1652
632 288 1338
2279 1652 1137
632 2443 288
2279 2443 1652
1652 2443 807
807 2443 1297
2314 253 1524
1524 253 1397
399 2277 1397
2277 399 1360
95 2277 1360
331 2007 966
1771 811 1389
1054 981 204
1054 1389 981
652 966 2513
652 2513 1138
1154 1049 2139
2839 652 2351
2351 652 1138
1054 204 1857
772 1154 1551
2395 772 1551
2139 1049 2211
1984 1636 772
772 2395 1984
1857 204 1192
204 1743 1192
204 1757 803
1743 204 803
518 838 2116
2211 838 518
1586 2116 838
1865 1231 1984
1363 2031 803
664 2979 1363
1363 2979 2031
1865 922 358
1865 2934 922
922 2405 358
1895 2405 922
2749 329 2979
2749 1836 329
1388 2405 1895
1836 2749 2318
1171 1836 2318
1171 1985 2429
1171 2318 100
2429 1985 673
2568 182 921
2886 1980 244
182 2858 921
2247 1980 392
659 2858 1673
659 1673 178
2865 659 178
230 2537 1351
1214 1351 2537
2865 178 2950
1635 2865 2950
2950 1302 1635
1248 1429 2798
1429 60 2798
1111 418 742
2038 1111 742
2071 60 1700
2071 1700 977
2561 782 2254
2739 1249 977
2772 1405 2254
782 2772 2254
2739 559 1249
1728 559 2739
559 1728 1106
384 2583 2772
2583 384 1086
124 2456 1086
124 1086 384
124 1361 2456
1484 1361 124
605 2389 1015
605 1015 1219
2453 1484 242
2633 242 1484
507 138 2068
138 507 1211
507 2369 1211
1211 2369 151
1924 2588 420
1924 1137 2588
2443 2279 288
2071 2798 60
1524 647 2314
1397 2277 411
2314 647 1897
2314 1897 695
1770 695 1897
1286 966 2007
1771 642 95
1771 1389 642
1286 2513 966
1551 1154 2139
2211 518 2139
2395 249 1984
2351 1632 478
1632 119 478
1984 249 2934
1586 478 119
1743 803 1
2934 1865 1984
1586 119 2766
803 2031 1
2979 329 2031
1527 946 2886
2568 1874 673
1874 2568 921
1980 2886 946
659 921 2858
2537 392 1042
1214 2537 1042
1801 1214 1042
1214 1801 454
1214 454 2716
1351 742 418
1351 1214 742
1214 2716 742
196 2716 454
1302 783 1635
1302 2431 783
1302 1248 2431
1248 495 2431
742 2716 2038
2716 196 2038
495 1248 2798
1947 2038 196
1843 856 1947
2890 371 1843
371 2890 2561
2890 1569 2561
1249 2071 977
1569 782 2561
1964 559 1106
124 384 1513
1964 1106 2389
605 1964 2389
929 1944 124
1484 124 1944
1944 2633 1484
882 605 1219
882 1219 2068
242 2473 1425
2473 570 1425
500 570 2473
570 500 1469
500 79 1469
420 1469 79
1924 420 79
151 1777 2125
1924 2999 1137
1777 1338 2125
2125 1338 288
1137 2999 2279
1397 411 998
1524 1397 998
325 1229 1770
1229 325 895
1897 325 1770
2686 411 2277
2007 1229 152
2277 95 2686
1286 2007 152
2578 95 642
1389 2611 642
1389 407 2611
1054 407 1389
407 1054 2317
2351 1138 1632
1857 1107 2317
249 2395 1551
518 1291 2139
1192 1107 1857
1107 1192 504
249 973 2934
504 1192 1743
504 1743 1544
2116 2766 518
2766 119 1665
1544 1743 1
973 922 2934
329 1836 2711
1388 1895 86
1171 486 2711
1171 2711 1836
1388 86 1527
486 1171 2429
1527 86 636
932 2429 673
946 1527 636
1980 946 2988
1874 921 659
64 1980 2988
392 1980 64
392 64 1042
2080 659 2865
783 2865 1635
1801 1109 454
1109 196 454
196 2535 1947
2071 2442 2798
2535 1843 1947
2533 2442 2071
2533 2071 1249
1164 1249 559
2032 2772 782
2772 2032 384
124 1513 929
605 2692 1964
2633 1944 820
2633 820 242
1778 882 2068
2473 242 1139
1778 2068 138
1050 138 1211
1050 1211 151
644 1050 151
644 151 2125
1218 288 2279
1218 2279 2999
288 1218 2125
2890 1843 2535
647 1524 2272
998 411 2907
1641 2907 411
2686 1641 411
895 152 1229
304 1138 2513
1138 304 1632
407 2317 1107
1551 2139 1291
1551 1291 249
249 1291 2349
249 2349 973
2599 119 1632
1291 518 2378
2766 2378 518
119 2599 1665
973 2349 2435
2378 2766 1665
2031 1623 1
922 973 2435
1623 2031 329
1895 922 2435
2711 1623 329
1895 2435 86
2743 2429 932
673 1874 932
2788 1874 659
2080 2788 659
1042 64 2570
1042 2570 1801
1109 1801 2570
2865 783 2080
196 1109 2059
2274 783 2431
196 2059 844
2431 495 1718
1718 495 2179
844 2535 196
495 2798 1795
2179 495 1795
2798 2442 1795
191 2890 2535
2890 1030 1569
302 2533 1249
1569 1030 782
782 1030 2573
1249 2785 302
2785 1249 1164
2032 782 2573
1164 559 123
1513 384 2032
1964 123 559
123 1964 2692
605 2436 2692
2436 605 882
1139 242 820
500 2473 1139
557 1050 644
972 1924 79
2999 1924 972
1603 2686 2578
642 1603 2578
2743 486 2429
2399 2272 1524
647 2272 1869
998 2399 1524
1897 647 1869
325 1897 1869
998 1888 2399
1888 998 2907
1888 2907 1641
2686 1196 1641
1286 152 1731
2738 1603 642
2611 2738 642
2513 1286 1731
2513 1731 304
2611 407 877
2502 877 407
1632 304 1516
2502 407 1107
1632 1516 2599
504 1544 1107
1291 2291 2349
2291 1291 2378
2599 337 1665
1665 1755 2378
574 1544 1
1623 574 1
86 2435 1058
86 1058 2543
2711 486 1528
86 2543 636
932 2957 2743
946 636 2383
1874 263 932
263 2957 932
2988 946 2383
548 263 1874
548 1874 2788
2570 64 1973
1109 2570 1914
783 2274 54
2080 783 54
1109 1914 2059
2274 2431 2761
2761 2431 1346
2431 2337 1346
1718 2337 2431
2442 609 1795
609 2442 2533
1030 2890 191
1030 2762 2573
630 1513 2032
1514 1513 630
1514 929 1513
1944 929 1514
1944 1514 378
1910 820 1944
378 1910 1944
1165 2436 882
1910 1139 820
1778 1165 882
731 1778 138
1050 731 138
1300 500 1139
1570 79 500
1570 500 1300
1523 557 644
2475 1523 644
1570 972 79
644 2125 2475
1218 2999 972
1218 2475 2125
1603 1196 2686
1755 1665 337
2743 1528 486
1466 1139 1910
2272 976 1869
976 2272 940
2272 2399 218
940 2272 218
1126 325 1869
1888 1641 1196
1126 895 325
1196 1603 299
152 895 880
880 895 1126
1143 1603 2738
880 1731 152
877 2738 2611
304 1731 1516
219 877 2502
2599 1516 1021
337 2599 1021
2464 1107 1544
2502 1107 2464
1073 1544 574
2435 2349 2291
2094 1623 2711
1058 2435 1435
2852 2094 2711
2852 2711 1575
2711 1528 1575
2543 2383 636
64 2988 2383
2264 2570 1973
2788 2080 54
2570 835 1914
54 2274 1413
393 1413 2274
2274 2761 393
1718 2179 1795
2915 609 2533
2762 1030 191
2915 2533 302
302 2785 2915
2032 2573 1267
1164 2135 2785
2135 1164 123
2032 1267 630
1169 2135 123
1169 2692 2436
123 2692 1169
1391 1585 65
65 1585 2725
2725 2860 65
2860 883 65
731 1165 1778
1466 229 1139
1592 1139 229
2757 1523 217
2757 557 1523
557 2757 1993
1993 1050 557
1993 731 1050
1300 1139 1592
2302 1570 1300
217 1523 2475
972 1570 2463
2463 812 1218
2463 1218 972
1218 812 2475
1073 2464 1544
2816 1528 2743
2743 2957 1430
1430 2816 2743
2399 1888 1234
1234 1888 1196
1126 1869 37
1603 1143 299
880 2605 1731
2363 2738 877
1516 1731 2605
1516 2605 1037
877 219 2363
2502 2464 219
1021 1755 337
2435 2291 778
2291 2378 391
2378 1755 391
1435 2435 778
574 1623 2094
90 1575 1528
90 1528 2816
493 2383 2543
548 2759 263
1430 2957 2759
2759 2957 263
64 2383 1973
1529 548 2788
1529 2788 1946
1946 2788 1082
1082 2788 54
835 2570 2264
54 1413 1082
1914 835 3
3 2059 1914
2509 844 2059
312 1346 2337
2337 1718 312
1718 1795 2218
312 1718 2218
1795 609 2218
1380 2218 609
1831 844 2509
1831 2535 844
2535 1831 191
1380 609 2915
963 191 1831
191 963 2762
2762 963 2573
2785 75 2915
2573 963 319
1267 2573 319
2785 2135 75
572 472 1585
572 1585 2360
472 2725 1585
472 907 2725
2360 1391 805
1391 2360 1585
2983 1759 1169
1169 2436 2983
2860 2725 907
2983 2436 1165
1910 378 2172
805 1391 300
907 382 2860
2295 65 883
1391 65 2295
2983 1165 731
382 2983 731
2295 883 2757
883 2860 1993
883 1993 2757
382 731 1993
2295 2757 217
1592 229 2853
1592 675 1300
2302 1300 675
812 217 2475
2172 1514 630
2172 378 1514
2172 82 1466
1466 1910 2172
976 37 1869
2399 2371 218
2371 2399 1234
2953 1234 1196
2953 1196 299
2953 299 1356
1143 1356 299
880 1126 2796
880 1216 2605
1763 1143 2738
1763 2738 2363
1037 1021 1516
219 2464 2345
2464 1073 2345
1073 574 2451
778 2291 391
1500 2451 574
2094 1500 574
814 2094 2852
1575 814 2852
2543 1058 493
493 1058 1681
90 814 1575
1811 90 2816
2383 493 2201
2759 548 1529
1856 1430 2759
1973 2383 2201
1973 2201 496
562 1430 1856
1430 562 2816
562 1867 2816
2264 1973 496
1946 1082 786
2264 1176 835
3 2361 2059
1813 393 2761
2509 2059 2361
1813 2761 1346
1346 312 1813
1638 312 2218
75 1380 2915
319 963 939
963 1538 939
2590 75 2135
572 2360 2826
472 572 2826
2590 2135 1169
630 1267 2747
1759 2590 1169
82 630 2747
2172 630 82
2360 805 1923
2590 907 472
2590 1759 907
300 1923 805
1759 382 907
1759 2983 382
1466 82 1079
1391 2295 300
2860 382 1993
217 520 2295
520 217 812
1570 2302 1252
1252 520 2463
1570 1252 2463
520 812 2463
2796 1126 37
2082 391 1755
2427 1058 1435
2427 1681 1058
1079 229 1466
940 2942 976
2942 940 1281
940 218 1281
976 2942 37
880 2796 1216
2134 1356 1143
1143 146 2134
1763 146 1143
1241 219 2345
2363 219 1241
1763 2363 1241
43 1021 1037
709 2345 1073
709 1073 2451
1755 1021 2082
1435 172 2427
493 1681 442
1529 1024 2759
1529 1946 1024
1856 2759 1024
1811 2816 1867
496 1176 2264
835 1176 2144
1413 2284 1082
3 835 1675
1813 2284 393
2284 1413 393
2361 3 1675
2509 2361 757
1638 2218 984
984 2218 446
2218 1380 446
2432 963 1831
1538 963 2432
2614 75 2590
1267 319 2747
408 2826 2360
2614 2590 472
1471 2360 1923
408 2360 1471
1923 21 1471
2747 1227 82
21 1923 300
1079 82 1227
2295 2446 300
2295 775 2446
2617 229 1079
2853 229 2617
775 2295 520
1592 2853 1390
675 1592 1390
1252 2302 675
2371 1281 218
43 2082 1021
442 1681 2427
442 2010 2201
493 442 2201
2942 1739 37
2170 37 1739
1234 2953 910
2170 2796 37
2796 2170 2290
910 2953 1356
247 2796 2290
247 1216 2796
1216 247 2978
2605 1216 2978
2605 2978 514
1217 146 1763
1037 2605 514
1037 514 1170
1217 1763 1241
43 1037 1170
965 2345 709
2082 43 2496
391 2082 778
2082 1563 778
166 2451 1500
778 1563 1435
172 1435 1563
1500 2094 1716
166 1500 1716
1716 2094 814
172 990 2427
442 2427 990
2141 814 90
1811 2141 90
1946 2020 1024
373 1811 1867
496 2201 1041
2020 1946 786
1228 562 1856
694 496 1041
496 694 1176
435 786 1082
835 2144 1841
435 1082 2284
1841 1675 835
110 2284 1813
312 110 1813
110 312 1638
757 1911 2509
2509 1911 2660
1831 2509 2660
1831 2660 988
2765 2432 1831
2765 1831 988
2500 446 1380
2500 1380 75
319 939 1680
1406 75 2614
1406 2500 75
2747 319 1680
2747 1680 1040
2826 408 916
1406 472 2826
1406 2826 916
1406 2614 472
408 1471 2923
1471 887 2923
1471 21 887
21 300 1925
300 2446 1925
2446 775 1672
1390 2853 2617
1672 775 520
1672 520 1252
1390 174 675
675 174 1252
1252 174 1672
1716 814 2141
2751 442 990
2010 442 2751
2371 2792 1281
462 1739 2942
1281 462 2942
1234 2792 2371
1234 910 2792
910 1356 2134
146 2574 2134
146 1217 2574
1848 2574 1217
1848 1217 1241
1496 1241 2345
1496 2345 965
589 2082 2496
1646 2082 589
2082 1646 1563
709 2451 166
2141 1811 373
1640 2010 2751
29 2010 1640
2201 2010 1041
2010 29 1041
1024 2020 1345
1345 188 1024
1856 1024 188
373 1867 1232
562 1228 1453
1453 1867 562
1867 1453 1232
786 435 2020
2078 1176 694
2144 1176 2078
435 2284 1325
1841 389 1675
757 1825 1911
110 1638 2529
1607 110 2529
1638 984 2529
984 446 2529
1406 2486 2500
2486 1406 916
408 2923 2557
408 2557 916
2240 2923 887
2747 1040 684
887 1509 2240
1227 2747 684
887 21 1509
1509 21 2961
21 1925 2961
1079 1227 1256
1256 2586 1079
1672 1925 2446
2617 1079 2586
174 1390 1036
188 1228 1856
2284 110 1542
2155 2361 1675
2361 2155 1825
757 2361 1825
2432 1680 939
2034 462 1281
2792 2034 1281
2562 1739 462
2562 555 1739
2170 1739 555
2562 1595 555
2290 2170 1385
2170 555 2379
2170 2379 1385
1595 2379 555
910 2134 1482
2134 2813 1482
1385 247 2290
2813 2134 2574
247 1558 2978
1558 514 2978
1848 511 2574
1848 1241 388
388 1241 1496
1170 2496 43
1693 2496 1170
439 1563 1646
709 166 2008
2008 166 2540
2540 166 1716
172 2388 990
627 172 1563
767 1716 2141
990 2388 2751
1200 2141 373
1640 1849 29
1200 373 1232
2613 1453 1228
2086 1228 188
2613 1228 2086
1041 2015 694
1345 2020 435
1345 435 1325
2144 2078 1841
2536 1325 2284
2536 2284 1542
1675 389 2040
1607 1542 110
2482 1825 2155
1607 2529 1242
252 1911 1825
1911 252 2660
252 988 2660
1420 2529 446
2765 588 2432
1420 446 2500
245 1420 2500
1680 2432 588
1680 588 116
245 2500 2486
1040 1680 116
2557 245 2486
916 2557 2486
1509 474 2240
474 2923 2240
474 2539 2923
2923 2539 2557
1227 684 1256
1571 2961 1925
2776 1571 1036
1036 1571 174
1571 1925 174
174 1925 1672
1390 2617 1596
1390 1596 1036
2776 1036 1596
2617 2586 1596
589 2496 1693
2008 965 709
2015 1041 29
1345 1325 188
2040 2155 1675
2562 462 2034
72 2034 2792
72 2792 910
2562 2034 1786
2562 1786 1595
1786 942 1595
942 2379 1595
1482 72 910
2379 942 762
247 1385 2213
247 2213 1558
1170 514 1062
388 511 1848
767 2540 1716
2388 172 627
627 1563 439
2918 767 2141
354 2751 2388
2697 2918 2141
1640 2751 354
2697 2141 1200
1766 1453 2613
1453 1766 1232
506 1200 1232
2015 29 1269
188 1325 1938
694 2015 273
2078 694 273
2273 2078 273
1841 2078 1428
2078 2273 1428
389 1841 1428
2536 1542 259
2155 2040 129
2482 2155 129
1093 1825 2482
2712 1825 1093
2712 252 1825
1242 2529 1420
1420 870 1242
1764 252 2712
252 1764 988
1420 2642 870
1420 245 2642
245 774 2642
774 245 2557
474 1509 2993
684 1040 1780
2993 1509 2961
2967 2993 2961
2967 2961 1571
637 2967 1571
637 1571 2776
2586 1256 289
637 2776 1596
2586 289 1596
1062 514 1558
1693 1170 1062
1269 29 1849
1938 2086 188
1269 1083 2015
1083 273 2015
1325 2536 1938
389 1428 2040
1764 2765 988
1764 1159 2765
1159 588 2765
588 1159 116
2034 72 1786
1786 72 2790
2790 72 1482
762 942 1070
942 1786 1070
1786 2790 1070
2790 1482 386
254 1385 2379
254 2379 762
2213 1385 254
2269 2813 511
388 2269 511
1496 2488 388
589 1693 2091
965 2488 1496
1646 589 2091
1646 1002 439
2148 2540 767
2859 1510 2388
627 2859 2388
354 2388 1510
1640 354 962
1849 1640 962
665 2613 2086
1766 2613 665
1766 39 1232
2555 1200 506
2305 506 1232
1269 1849 2854
2273 273 1083
2668 1938 2536
259 2668 2536
2040 1428 1083
1542 2124 259
2124 1542 1607
2482 129 1834
1607 1242 1233
1242 870 1233
116 1159 528
116 528 2076
2490 867 474
867 2539 474
2184 2557 2539
2184 2539 122
2557 2184 774
116 2076 1040
2993 2490 474
2993 662 2490
1040 2076 1780
2993 2967 662
1256 684 482
2697 1200 2555
2305 1232 39
309 1045 2555
2769 2555 506
2769 309 2555
2305 2769 506
1269 1160 1083
1160 129 1083
129 2040 1083
2790 2644 1070
2790 386 2644
1482 2813 1206
2213 254 2567
254 762 1070
2269 1206 2813
179 2213 1167
1558 2213 179
179 1062 1558
179 936 1062
1689 2269 947
2269 388 947
1693 1062 2526
1062 936 2526
1693 2526 2091
2488 965 1339
1339 965 2008
453 1339 2008
1002 1646 2091
2540 453 2008
1043 2540 2148
453 2540 1043
439 1002 2691
2691 2859 627
627 439 2691
2148 767 2918
354 1510 2746
1510 2859 2746
2918 2697 595
2746 2117 354
962 354 2117
2555 2491 2697
1849 962 656
1849 656 2854
2261 665 2086
2261 2086 1938
2261 1938 2668
2854 410 1269
908 2769 561
561 2769 2305
1347 309 2769
410 1160 1269
1398 2668 259
994 2124 1607
2482 1834 328
2731 994 1607
2482 328 1250
1607 1233 2731
1250 1093 2482
701 2712 1093
1764 2712 701
2642 1327 870
1327 2642 774
867 122 2539
2490 662 251
2440 662 2694
251 662 2440
2967 2694 662
2967 1255 2694
1256 482 1255
1255 2967 637
289 1256 1255
289 1255 1596
1255 637 1596
1045 2491 2555
908 1347 2769
129 1160 1834
386 1482 2398
2398 1482 1206
1167 2213 2567
1317 254 1070
1689 2161 2269
1339 947 2488
2091 2526 203
2209 1339 453
203 515 2091
515 1002 2091
515 2699 1002
1002 2699 2691
2859 2691 2492
376 2148 2918
2746 2859 997
2859 2492 997
595 376 2918
595 2697 2491
1766 665 1917
1766 1917 39
1552 1045 309
2305 39 2737
2854 1080 410
1552 309 1347
908 561 2046
1699 1160 410
328 1834 1699
443 1233 870
701 1093 1521
870 1327 443
2177 1764 701
851 1159 1764
851 528 1159
1376 2490 251
1376 867 2490
524 122 867
1863 774 2184
774 1863 1327
2522 2076 528
1780 2076 176
176 482 1780
176 1318 482
2694 1318 2440
1318 1255 482
1318 2694 1255
2161 1206 2269
2261 1917 665
39 1917 2737
2305 2737 561
561 2737 2046
1699 1834 1160
254 1317 2567
2644 386 2398
1631 1070 2644
2294 2161 1689
947 2294 1689
947 51 2294
1339 51 947
1692 2526 936
2526 730 203
1692 730 2526
846 2209 453
730 1464 203
1464 515 203
846 453 1043
515 1464 1354
2148 2145 1043
2691 2974 108
1097 2974 2691
1097 2691 2699
2699 515 1839
515 1354 1839
1288 2145 2148
2492 2691 108
2699 1839 1097
2598 1839 1354
1288 2148 376
169 1097 1839
2176 169 1839
1839 2598 1601
1839 1601 2176
2117 2746 997
595 1953 376
1953 595 2491
2117 2229 962
1045 680 2491
2229 656 962
1552 680 1045
2854 656 1080
2232 1080 656
2261 544 1917
1246 2261 2668
669 1552 1347
2732 410 1080
1246 2668 1398
2732 1699 410
908 2046 156
2166 908 156
2166 1347 908
1398 2124 2945
2945 2124 994
328 2958 1250
2650 1093 1250
1521 1093 2650
264 443 1327
701 1521 2177
2177 1764 71
1764 2177 71
2177 851 1764
851 2177 71
851 2522 528
524 867 1376
1863 2184 122
1863 122 524
176 2076 2522
251 2440 2271
1318 176 1285
2440 1318 2271
1318 1285 2271
1246 544 2261
1173 2737 544
2737 1173 2046
1201 328 1699
2398 1206 177
177 1206 1790
2567 1317 1835
1070 1631 1317
1631 2644 2398
2161 1790 1206
1167 2567 1835
179 1167 1835
936 179 2527
2101 936 2527
1339 2209 51
1692 936 2101
1692 1913 730
730 1913 1464
846 1043 1491
1491 1043 2145
2598 1354 2504
2492 108 2965
2965 997 2492
2965 2682 997
2598 2504 2282
2598 2282 1601
915 2282 2504
2117 997 2682
2634 169 2176
1601 2282 850
2229 2117 2682
1953 2491 266
266 2491 680
1601 2634 2176
1601 1067 2634
2096 1067 1601
2232 656 1450
656 2229 1450
544 1246 2146
156 2046 1173
1347 1353 669
2732 1201 1699
1246 1398 2945
2166 1353 1347
1201 2958 328
1395 2945 994
1395 994 31
31 994 2731
31 2731 443
2650 1250 2958
440 1521 2650
1863 264 1327
851 1879 2522
2178 524 1376
251 2271 1376
176 2522 1619
1619 1285 176
544 2146 1173
2146 1246 336
2945 336 1246
2945 1864 336
2945 1395 1864
443 264 31
2398 2645 1182
2645 2398 177
1182 1631 2398
1182 558 1631
2161 648 1790
1317 2099 1835
485 2099 1317
1317 1631 485
648 2161 2294
179 1835 2527
2294 51 1101
1101 51 2209
2647 1692 2101
1101 2209 846
2647 1913 1692
1491 366 846
5 1464 1913
1354 1464 5
2504 1354 5
2325 2504 5
108 2974 2965
2974 2050 2965
2974 1097 2050
1953 1288 376
1097 169 2050
169 2634 2050
2634 902 2050
291 2229 2682
902 2634 1591
367 2096 850
680 2827 266
1067 1591 2634
2096 367 1067
2827 680 1308
2229 291 1450
1308 680 1552
2962 1308 1552
2962 1552 669
2732 1080 2232
2962 669 1353
2146 336 1173
156 1173 2237
655 2166 156
1088 2650 2958
1521 440 2703
2177 1521 2703
1807 1863 792
1863 1807 264
728 851 71
1879 851 728
524 792 1863
348 524 2178
1619 2522 1879
1285 1619 591
2604 2271 1285
2271 2178 1376
2604 2178 2271
1864 1173 336
1864 2237 1173
1395 911 1864
911 2237 1864
1395 2433 911
31 2433 1395
1835 2099 74
1835 74 1943
1631 558 2551
2527 1835 857
1943 857 1835
485 1631 2551
648 2294 1383
1383 2294 262
2294 1101 262
2101 2527 414
2101 414 2647
366 1101 846
1913 2647 2252
5 1913 2252
15 1491 2145
2334 15 2145
2334 2145 1288
915 2325 265
2334 1288 1953
2965 2050 1284
2282 915 265
2965 1284 2682
2334 1953 1827
1284 2050 902
265 850 2282
1827 1953 266
2682 1284 2921
2682 2921 291
1284 428 2921
1284 902 428
850 265 367
367 265 2255
902 1591 428
1591 2308 428
1591 1067 2255
1067 367 2255
291 871 1450
155 1450 871
77 1308 2962
155 2232 1450
2882 2232 155
2882 2732 2232
2732 2882 1142
2732 1142 2258
1201 2732 2258
1353 2166 655
2258 55 1201
2958 1201 55
1427 2237 911
55 1088 2958
1653 2579 615
978 615 2579
2980 2650 1088
2650 2980 440
1653 615 17
1740 1653 17
2703 440 2090
440 2980 2090
17 615 1960
615 2931 1960
978 2931 615
1807 792 909
1833 909 792
1135 264 909
909 264 1807
1135 31 264
1833 792 1506
2703 2811 71
71 2811 728
792 524 348
1506 792 348
1619 1879 1507
1879 745 1507
1619 1507 591
1294 348 2178
1285 591 2604
2604 1294 2178
315 911 2433
911 315 1427
1135 2433 31
1940 315 2433
2645 177 1920
2807 177 1790
558 886 2551
485 74 2099
2817 2527 857
2817 414 2527
2252 2647 556
2758 366 1491
1199 1491 15
2758 1491 1199
5 1696 2325
265 2325 1696
2406 266 2827
2406 2827 1308
871 291 928
928 291 2921
581 1591 2255
1591 581 98
2921 1562 928
2921 428 1562
1950 1562 428
1950 428 2308
1591 98 2308
77 2962 2197
2197 2962 1353
2123 2197 1353
2123 655 1579
655 2123 1353
809 2237 1427
1088 55 567
1278 1653 1740
1653 2344 2579
2344 1653 1278
539 167 2579
2579 167 978
933 2703 2090
1421 1740 17
1506 978 167
1506 167 1833
1135 1940 2433
1960 1421 17
978 1506 2931
2703 933 2811
1421 1960 2968
1960 1956 2968
1960 2931 1956
1956 2931 348
2931 1506 348
1879 728 745
1507 964 591
2968 591 964
1956 348 1294
2604 591 2968
2604 2968 1294
2807 1920 177
836 262 1101
1101 2758 836
1101 366 2758
2237 809 655
1920 1156 2645
1156 1182 2645
2414 2807 1790
648 2414 1790
201 886 1182
1156 201 1182
558 1182 886
739 2414 648
1383 739 648
2551 886 485
1374 1383 262
1374 262 2300
1765 2817 857
836 2300 262
2300 836 1547
2647 414 2817
2647 2817 556
2252 556 2517
2069 2758 1199
5 2252 2517
5 2517 784
1696 5 784
892 1199 15
892 15 2334
2334 1827 892
266 1177 1827
1177 266 530
530 266 2406
1717 265 1512
2255 265 1717
77 2406 1308
581 2944 98
2308 98 1950
1431 2197 2123
1142 2342 2258
1579 2639 2123
2258 2342 55
2342 567 55
2344 2624 539
2309 539 2624
809 1579 655
2579 2344 539
167 539 2309
2309 982 167
567 2499 1088
982 2756 167
2499 2980 1088
2499 2005 2980
2980 2005 629
1278 1740 2724
167 2756 1833
909 1833 2756
2980 629 2090
909 2756 1987
1135 909 1987
2920 809 1427
2920 1427 315
2724 1740 1421
2920 315 1697
315 1940 1697
2104 2811 933
345 1421 1507
1421 964 1507
2968 964 1421
2104 728 2811
240 745 728
2968 1956 1294
1277 74 485
886 1277 485
2571 1547 836
1547 2571 832
2758 2069 836
836 2069 2571
1827 1177 892
2414 112 2807
2052 74 1277
1943 1328 857
1943 74 1328
739 1383 1374
168 832 2571
556 2817 1384
1384 2517 556
1615 1199 892
265 1696 784
265 784 1035
1512 265 1035
1717 1512 550
1323 2896 77
2896 2406 77
2944 581 1717
1323 77 1789
155 871 1868
1868 871 928
1235 1713 98
2944 1235 98
77 2197 1431
77 1431 1789
1868 2882 155
1868 1463 2882
1562 1950 2778
2778 1950 1713
1713 1950 98
1142 2882 1463
2123 255 1431
1142 1463 2342
2123 2639 255
1579 1048 2639
1418 2624 2344
2624 320 1456
320 2624 1418
2624 1456 2309
1048 1579 809
2391 1048 809
1278 199 2344
2756 982 487
2959 2005 2499
629 2005 2959
1278 2724 199
2756 487 2594
1987 2756 873
2756 2594 873
1421 345 2724
1987 237 1135
237 1940 1135
345 1507 240
1507 745 240
240 728 2104
2807 112 1399
1920 2807 1399
1156 1920 1399
201 1277 886
2052 1328 74
2300 740 1374
2300 1547 740
1328 1765 857
1799 740 1547
832 1799 1547
1344 168 2571
2069 1199 2571
1199 1344 2571
530 2406 2896
112 2016 1399
2052 1277 2519
2519 1277 952
201 1156 2856
2052 699 1328
2690 739 1374
1374 740 2690
1305 1799 832
480 2817 1765
1384 2817 480
832 168 1305
784 2517 950
2736 2381 950
950 2381 784
784 2381 1035
1615 892 1177
1798 1177 530
530 2896 1798
550 2186 1717
2944 1717 2186
1720 1868 928
2186 1235 2944
1431 2888 1789
928 1562 1720
1720 1562 2778
2778 1713 612
1713 1235 2402
1713 2402 612
1235 35 2402
2380 35 1235
1180 612 2402
1048 255 2639
1418 1254 320
2309 1456 982
567 2342 2407
1332 567 2407
2344 199 1418
567 1332 2499
2499 1332 2959
1735 2391 809
629 2959 335
2724 2559 199
1987 873 2382
1735 809 2920
629 335 2090
2090 335 2169
2678 2724 345
933 2090 2169
1697 718 2920
2104 933 2169
2104 2169 583
2786 1940 237
2786 1697 1940
240 2104 2498
1156 1399 2856
952 1372 2519
2052 2519 699
1277 201 952
201 2856 952
1199 1615 1344
2856 1399 2370
1991 2519 1372
719 2016 112
719 112 2414
739 719 2414
2523 739 2690
699 1568 1328
1812 740 1799
480 1765 1328
1384 480 1936
168 2820 1305
2820 168 1344
950 2517 2927
2927 2517 1384
301 1344 1615
2381 2736 409
2022 2381 409
357 2879 1287
2847 2879 357
2381 2022 1035
2153 301 1615
1615 1177 2153
2153 1177 1798
550 1512 1035
1251 2186 550
1251 107 2186
2186 107 2132
1235 2186 2380
2186 674 2380
2186 2132 674
2132 107 2189
1589 1789 2888
2189 1254 2132
1254 2838 320
674 2132 1418
2132 1254 1418
1752 320 2838
2753 255 1048
2407 2342 1463
2380 2623 35
1188 674 1418
1456 320 1752
1180 2402 2029
2402 35 2623
2402 2623 2029
1752 982 1456
1188 1418 199
982 1752 487
130 2959 1332
2340 2959 130
2340 335 2959
1499 2559 2724
1499 2724 2678
1987 2382 237
2920 718 1735
345 600 2678
1697 2786 718
345 1842 600
1842 345 710
345 240 710
2498 2104 583
952 2856 2370
2523 719 739
255 2753 2888
466 1399 2016
1399 466 2370
2818 2016 719
1991 2558 2519
952 2370 1372
699 2519 2558
1568 699 2558
1568 1061 1328
2690 441 2523
2690 740 1812
441 2690 1812
480 1328 1061
425 1799 1305
2820 425 1305
1936 2927 1384
102 950 2927
1975 2820 1344
2736 950 102
1975 1344 301
2847 1152 2879
2879 301 1287
118 1152 2847
2153 1287 301
118 2847 773
773 2026 118
2153 357 1287
1035 2022 216
2847 2093 773
2847 357 2093
1829 2093 357
2153 1829 357
903 2026 773
903 773 2093
2153 1798 1749
1035 2709 550
2896 1195 1798
1251 550 2709
1323 1195 2896
321 1323 1789
2994 1254 2189
321 1789 1737
470 1868 1720
1720 250 470
1720 2778 250
1254 1860 2838
1254 2994 1860
1589 1737 1789
1463 1868 470
720 1463 470
250 612 1783
2778 612 250
1463 720 2407
1180 1783 612
1752 2838 1860
1589 2888 2753
1180 2656 1783
2380 912 2623
912 2380 674
674 1188 912
2407 720 2027
2656 1180 2029
2391 45 2753
2391 2753 1048
2407 2027 1332
1332 2027 130
487 1752 1100
2696 2594 487
2696 487 1100
873 2594 2696
2696 2070 873
45 2391 1735
45 1735 1023
395 873 2070
395 2382 873
395 2779 2382
2340 2169 335
2779 1556 237
2382 2779 237
1735 718 2939
2786 237 1556
2939 718 2786
710 240 2498
216 2709 1035
2370 466 1701
466 2016 918
2016 2818 918
13 2558 1991
1991 1372 13
1701 13 1372
1701 1372 2370
1568 2558 1213
1568 1213 236
2523 2047 719
2047 441 1671
2523 441 2047
1812 1799 425
480 1061 2156
480 2156 1936
2927 1936 2902
645 2820 1975
2736 102 1240
1240 409 2736
1240 2985 409
752 2879 1152
522 1517 2026
1517 118 2026
2026 1401 522
1401 2026 903
1401 903 2416
1224 2416 903
1224 903 2093
2093 1829 1224
1749 1798 135
1798 1195 135
2352 1251 2709
321 1195 1323
107 1251 2352
2189 107 2994
2994 107 2352
2701 470 250
2869 1860 658
720 470 2701
2869 1752 1860
586 1589 2753
2029 2623 1447
1447 2623 912
2449 912 1188
1852 1188 2559
2559 1499 789
1852 2559 789
1735 1280 1023
2939 1280 1735
2169 2340 2673
789 1499 2678
2169 2673 1837
2793 789 2678
2140 2939 1556
2793 2678 600
1556 2939 2786
583 2169 1837
583 1837 2263
600 1842 2793
583 2263 2498
719 2047 1309
1061 1568 1736
1736 1568 236
1671 1309 2047
1847 1671 441
1847 441 1812
1847 1812 1574
1574 1812 425
1574 425 1806
2156 2902 1936
2820 1806 425
645 1806 2820
102 2902 1240
752 1896 2879
1896 301 2879
1896 1975 301
118 752 1152
2022 2985 488
2973 1517 522
216 2022 488
2973 522 153
1829 2153 677
2153 1749 677
2709 216 2458
135 1195 1684
1401 2416 2996
1810 1401 2996
2416 1224 62
2416 62 2996
1348 1810 2400
2996 2224 1810
1684 1195 321
781 1698 1348
1348 2400 781
2400 1810 268
2224 268 1810
702 2994 2352
2058 781 1307
1698 781 2058
781 2400 1522
2400 268 1522
2906 1860 2994
658 1860 2906
2058 658 2906
781 1522 1307
658 1307 2869
1307 6 2869
1307 1522 6
1737 1589 586
2869 6 1962
1878 2701 720
1878 720 2701
250 1878 2701
250 1783 1878
2753 837 586
1783 2656 317
1752 2869 1100
1962 1100 2869
2465 837 2753
2585 2027 720
1962 2696 1100
45 2465 2753
130 2027 2585
2656 2029 1447
1447 912 2449
1188 1852 2449
1023 2465 45
2585 2340 130
1001 2340 2585
2673 2340 1001
2651 1280 2939
1556 2779 2140
2140 2651 2939
2877 1842 710
2498 2263 2329
2877 710 2498
2877 2498 2329
1701 2610 13
2350 466 1094
466 918 1094
2558 13 2610
1213 2558 2610
1701 466 2350
1996 918 2818
1996 2818 719
1213 1707 2799
236 1213 2799
1309 1996 719
236 2799 1736
1671 228 1309
2156 1061 671
2702 2156 671
1671 61 228
1847 61 1671
1315 61 1847
1574 1315 1847
2702 2902 2156
1403 2902 2702
1574 1806 1315
1240 2902 1403
1896 645 1975
2777 1896 752
2985 1240 1918
2266 118 1517
118 2266 752
488 2985 1918
2973 2665 1257
1517 2973 2266
2973 1257 2266
2665 2973 153
2458 216 488
2226 153 522
2226 522 1810
2709 2458 1885
2226 1810 1348
521 2226 1348
1810 522 1401
1224 1829 2616
2616 1829 677
521 1348 1698
62 956 2996
1224 2616 62
1885 2352 2709
702 2352 1885
2224 2996 956
2058 193 1698
2506 1684 321
2906 2994 702
193 2058 2906
1174 1522 268
1737 2506 321
6 1522 868
1522 1174 868
2506 1737 586
2506 586 1916
586 837 1916
1962 6 650
720 1878 2585
720 2701 1878
1878 1783 317
2585 1878 317
2696 1962 650
2585 317 1001
1447 317 2656
1447 2085 317
650 1449 2696
2465 1023 403
317 2085 1001
1449 2070 2696
403 1023 1280
2085 2752 1001
2070 1449 395
2651 403 1280
1001 2752 2673
1852 789 1324
800 2779 395
800 395 1449
800 2651 2140
800 2140 2779
1324 789 2793
1837 1320 2263
1059 1842 2877
1842 1059 2793
2610 1701 2742
2610 448 1213
1701 2350 2742
1996 1094 918
1707 1213 448
1094 1996 503
1094 503 2972
1996 1309 503
2972 503 2206
503 1309 2089
228 2089 1309
228 1501 2089
1501 228 61
1403 2702 343
1501 61 2192
61 2814 2192
61 1315 2814
2192 2814 917
1806 2814 1315
2814 1806 1896
1806 645 1896
343 1022 1403
1022 1240 1403
917 2814 2777
2814 1896 2777
1240 1022 1918
2777 752 2266
1257 2665 602
153 602 2665
2458 488 1092
2226 602 153
2372 1885 2458
481 2616 677
677 1749 1989
481 677 1989
1749 135 1989
956 62 2301
2301 62 2616
1684 1989 135
1684 889 1989
702 1885 2477
1438 2328 193
2328 1698 193
2906 1074 193
1438 193 1074
1684 2506 889
2906 702 1074
702 2477 1074
2224 956 1174
1916 1658 2506
1916 837 2075
6 868 650
2075 2465 2946
2085 1447 1198
1447 2449 2581
1852 258 2449
2581 2449 258
650 2538 1449
2465 403 2946
2752 2085 1198
1852 1324 258
450 2673 2752
800 403 2651
1837 2673 1320
450 1320 2673
1059 1324 2793
1320 2329 2263
1320 89 2329
89 1445 2329
1445 2877 2329
1059 2877 1445
448 2610 1259
1259 2610 2742
2742 2350 215
2566 1707 448
215 1094 2972
2350 1094 215
1707 2566 2799
798 2799 2566
798 1736 2799
810 2972 2206
798 671 1736
2206 1616 810
503 1616 2206
503 2089 1616
343 2702 1132
1031 1501 2192
343 1132 1460
2138 1031 2192
343 1460 1022
2064 1022 1460
351 2138 2192
2192 917 351
351 917 2777
1022 2064 1674
2266 351 2777
1918 1022 1674
1257 1909 351
1257 351 2266
1674 601 1918
1257 923 1909
601 488 1918
1257 602 923
488 601 1092
602 2226 2862
2458 1092 2372
2226 993 2862
993 2226 2328
2328 2226 521
292 1885 2372
2301 2616 713
2616 2832 713
2832 2616 481
2477 1885 292
956 2301 1174
2301 545 1174
2506 1658 889
223 1658 1916
1174 545 868
2075 223 1916
2538 868 2375
650 868 2538
1198 1447 2581
403 1007 2946
403 1802 1007
1198 450 2752
800 1449 2512
1802 800 2512
800 1802 403
1320 450 2987
1320 2987 89
448 1259 2566
2972 1927 215
1927 810 2343
2972 810 1927
1616 2343 810
2702 671 798
2702 798 2528
934 2386 1616
934 1616 2089
934 2089 1501
2528 1132 2702
934 1501 1031
1132 2528 1593
1593 1460 1132
2138 616 1031
934 1031 616
351 1909 2138
2138 1909 616
1687 1674 2064
1687 601 1674
602 2862 923
1092 601 1976
2372 1092 1976
735 993 2328
1438 735 2328
1438 1074 735
2231 2832 481
2231 481 1989
2231 1989 889
713 2832 2223
2832 1311 2223
2832 2231 1311
2231 1658 1311
2231 889 1658
545 2301 1657
223 2223 1311
1311 1658 223
2375 868 545
223 2075 1272
164 2538 2375
1449 2538 164
1306 1198 2581
2581 258 1306
1449 164 2512
1306 258 2530
450 1198 1306
258 1324 2530
1306 1958 450
666 2530 1324
2987 450 1958
666 1324 1059
2987 1445 89
2987 1958 1445
1958 666 1445
666 1059 1445
1259 2742 2922
2922 2566 1259
2922 1486 2566
215 1927 2742
2922 2742 1927
1486 798 2566
798 1486 2528
76 1927 2343
2794 1927 76
1593 2794 76
2528 2794 1593
2343 1362 76
2343 1616 1362
2386 1362 1616
214 1460 1593
2064 1460 214
214 2763 2064
2763 1687 2064
257 1909 923
2862 257 923
1687 1976 601
2372 1976 2404
1550 993 735
292 2372 2404
292 1475 2477
292 2404 1475
1475 1074 2477
1475 735 1074
713 1657 2301
2223 1657 713
1272 2223 223
2375 545 1715
2946 1272 2075
2946 1572 1272
1572 2946 1007
2512 164 1066
1066 2970 1802
1802 2970 1007
1066 1802 2512
1306 666 1958
1306 2530 666
1006 1486 2922
2922 1927 1006
1006 1927 2794
1486 1006 2528
1006 2794 2528
1362 2322 76
1593 76 2322
1362 2386 157
214 2322 2074
214 1593 2322
2386 934 157
616 157 934
1909 1532 616
1532 1909 257
2763 44 1687
1942 257 2862
44 1976 1687
993 1550 1942
993 1942 2862
1976 44 2404
2404 44 1475
44 1550 735
44 735 1475
1657 2223 362
545 1657 1715
362 1715 1657
362 2223 1272
1572 362 1272
164 2375 1715
1066 164 1715
2970 1572 1007
1066 1715 2970
2322 1362 852
2074 2322 852
616 1532 157
748 214 2074
2763 214 748
2763 1942 44
44 1942 1550
1715 362 1572
1715 1572 2970
157 852 1362
852 157 2095
2095 157 1532
2074 852 748
2095 748 852
748 2095 2321
2095 257 2321
2095 1532 257
748 1942 2763
748 2321 1942
2321 257 1942
833 451 2257
833 2257 2063
2063 1915 833
2257 1355 2063
2063 1355 2384
2384 473 2063
2257 451 2001
451 833 2704
2781 68 2257
2257 68 1355
1915 2063 2547
737 2384 1355
737 1355 68
2547 2063 473
473 2384 737
473 737 1136
1134 451 2704
2001 451 2331
2331 451 1134
2257 2001 2235
2257 2235 2781
1915 2547 833
1253 737 68
473 1949 2547
346 2547 1949
473 1136 1949
211 2001 2331
2001 211 2235
2781 2235 1081
173 2704 833
173 1134 2704
1134 173 2444
173 833 2547
2547 346 173
1949 2963 346
1253 1136 737
888 2331 760
211 2331 888
1134 760 2331
760 1134 2444
211 1060 2235
1060 1081 2235
2909 2444 173
68 2781 1081
68 1081 2781
2781 1253 68
1136 1253 1667
1667 2963 1949
1667 1949 1136
1978 211 888
211 1978 1060
2781 1081 2374
2781 2374 340
2781 340 1253
346 1875 173
2963 1875 346
1667 1253 340
1875 2963 1667
760 374 888
760 2444 2909
2374 1060 1526
173 1818 2909
340 2374 534
1875 1818 173
1978 888 374
374 760 2909
412 1818 1875
412 1875 1667
2808 1978 991
2808 1526 1978
991 374 2909
1145 991 2909
1145 2909 1818
534 1526 2808
340 534 1016
1818 412 1145
412 1667 1016
1667 340 1016
991 1978 374
991 27 2808
991 1145 2493
534 2808 1016
1145 412 1758
2493 1145 1758
1016 1758 412
991 2493 27
1016 2808 27
1016 27 2493
1758 1016 2493
1190 1751 2748
2092 227 2159
1158 2899 48
970 913 2439
532 2916 2084
2365 1264 232
640 2717 1634
679 1919 2454
1630 547 1691
205 2339 1113
2357 2105 1618
1263 777 1977
2612 149 1945
2881 575 1129
935 2964 212
2693 2881 1129
1588 2947 2719
1588 2719 924
468 2873 1922
2844 1705 793
1705 2060 793
2268 113 2003
2546 2729 282
1793 795 654
733 2501 1312
2356 121 2151
1313 1992 365
2160 81 819
2109 1290 9
2187 2708 881
1905 2822 66
2236 1412 334
1662 2198 189
2521 372 1439
1439 1207 2521
2067 542 1576
1531 0 1972
1118 2680 154
14 1266 2507
2683 2926 554
2926 1540 413
2565 2136 41
125 2951 664
1360 1771 95
2351 478 2839
1054 1857 2317
2116 1586 2766
2686 95 2578
2432 939 1538
2446 1672 775
1672 2446 775
511 2813 2574
482 684 1780
1428 2273 1083
947 388 2488
259 2124 1398
1233 443 2731
544 2737 1917
1601 850 2096
2504 2325 915
2237 655 156
71 2177 2703
2255 1717 581
1431 255 2888
1188 199 2559
2902 102 2927
2022 409 2985
1307 658 2058
671 1061 1736
1174 268 2224
521 1698 2328
2465 2075 837
1060 2374 1081
1978 1526 1060
2374 1526 534
