N,9.228,17.225,21.272,-0.4157,1.824,0.17
CA,9.814,17.679,20.02,-0.0252,1.908,0.1094
C,9.543,19.175,19.938,0.5973,1.908,0.086
O,9.617,19.855,20.958,-0.5679,1.6612,0.21
H1,9.863,16.874,21.787,0.2719,0.6,0.0157
H2,8.854,17.915,21.692,0.2719,0.6,0.0157
H3,8.608,16.609,21.104,0.2719,0.6,0.0157
HA2,10.767,17.498,19.999,0.0698,1.387,0.0157
HA3,9.42,17.214,19.265,0.0698,1.387,0.0157
N,9.202,19.702,18.772,-0.4157,1.824,0.17
CA,8.862,21.101,18.566,-0.0875,1.908,0.1094
C,7.54,21.14,17.76,0.5973,1.908,0.086
O,7.327,20.271,16.902,-0.5679,1.6612,0.21
CB,10.062,21.793,17.817,0.2985,1.908,0.1094
CG1,10.37,21.125,16.489,-0.3192,1.908,0.1094
CG2,9.71,23.221,17.467,-0.3192,1.908,0.1094
H,9.161,19.236,18.05,0.2719,0.6,0.0157
HA,8.724,21.584,19.396,0.0969,1.387,0.0157
HB,10.819,21.731,18.42,-0.0297,1.487,0.0157
HG11,11.112,21.58,16.062,0.0791,1.487,0.0157
HG12,10.605,20.196,16.641,0.0791,1.487,0.0157
HG13,9.59,21.171,15.915,0.0791,1.487,0.0157
HG21,10.457,23.635,17.007,0.0791,1.487,0.0157
HG22,8.93,23.23,16.89,0.0791,1.487,0.0157
HG23,9.517,23.715,18.279,0.0791,1.487,0.0157
N,6.618,22.054,18.079,-0.4157,1.824,0.17
CA,5.366,22.314,17.37,-0.0031,1.908,0.1094
C,5.55,23.705,16.808,0.5973,1.908,0.086
O,6.072,24.592,17.477,-0.5679,1.6612,0.21
CB,4.146,22.421,18.245,-0.0036,1.908,0.1094
CG,3.838,21.202,19.092,-0.0645,1.908,0.1094
CD,3.113,21.648,20.357,0.6951,1.908,0.086
OE1,3.688,21.592,21.446,-0.6086,1.6612,0.21
NE2,1.876,22.149,20.323,-0.9407,1.824,0.17
H,6.716,22.57,18.76,0.2719,0.6,0.0157
HA,5.216,21.585,16.748,0.085,1.387,0.0157
HB2,4.256,23.184,18.833,0.0171,1.487,0.0157
HB3,3.379,22.605,17.681,0.0171,1.487,0.0157
HG2,3.288,20.577,18.593,0.0352,1.487,0.0157
HG3,4.658,20.738,19.322,0.0352,1.487,0.0157
HE21,1.453,22.199,19.576,0.4251,0.6,0.0157
HE22,1.502,22.422,21.048,0.4251,0.6,0.0157
N,5.151,23.897,15.565,-0.4157,1.824,0.17
CA,5.332,25.142,14.851,-0.0875,1.908,0.1094
C,3.927,25.576,14.503,0.5973,1.908,0.086
O,3.215,24.862,13.794,-0.5679,1.6612,0.21
CB,6.163,24.913,13.552,0.2985,1.908,0.1094
CG1,6.257,26.193,12.772,-0.3192,1.908,0.1094
CG2,7.565,24.429,13.893,-0.3192,1.908,0.1094
H,4.757,23.29,15.101,0.2719,0.6,0.0157
HA,5.811,25.803,15.374,0.0969,1.387,0.0157
HB,5.716,24.237,13.018,-0.0297,1.487,0.0157
HG11,6.775,26.043,11.966,0.0791,1.487,0.0157
HG12,5.366,26.492,12.533,0.0791,1.487,0.0157
HG13,6.691,26.871,13.313,0.0791,1.487,0.0157
HG21,8.068,24.292,13.075,0.0791,1.487,0.0157
HG22,8.013,25.093,14.44,0.0791,1.487,0.0157
HG23,7.509,23.593,14.382,0.0791,1.487,0.0157
N,3.527,26.739,14.987,-0.5163,1.824,0.17
CA,2.212,27.315,14.757,0.0397,1.908,0.1094
C,2.477,28.671,14.13,0.5366,1.908,0.086
O,3.17,29.516,14.703,-0.5819,1.6612,0.21
CB,1.488,27.469,16.083,0.056,1.908,0.1094
CG,1.241,26.065,16.555,0.0136,1.908,0.1094
CD,0.616,25.87,17.908,0.8054,1.908,0.086
OE1,-0.13,24.903,18.034,-0.8188,1.6612,0.21
OE2,0.894,26.643,18.825,-0.8188,1.6612,0.21
H,4.031,27.234,15.477,0.2936,0.6,0.0157
HA,1.656,26.762,14.186,0.1105,1.387,0.0157
HB2,2.025,27.965,16.721,-0.0173,1.487,0.0157
HB3,0.655,27.955,15.974,-0.0173,1.487,0.0157
HG2,0.674,25.628,15.901,-0.0425,1.487,0.0157
HG3,2.091,25.597,16.551,-0.0425,1.487,0.0157
N,1.913,28.904,12.959,-0.4157,1.824,0.17
CA,2.215,30.086,12.192,-0.0389,1.908,0.1094
C,1.398,31.296,12.581,0.5973,1.908,0.086
O,0.18,31.207,12.682,-0.5679,1.6612,0.21
CB,2.029,29.711,10.709,0.3654,1.908,0.1094
OG1,3.077,28.793,10.449,-0.6761,1.721,0.2104
CG2,2.116,30.882,9.73,-0.2438,1.908,0.1094
H,1.343,28.377,12.588,0.2719,0.6,0.0157
HA,3.127,30.361,12.373,0.1007,1.387,0.0157
HB,1.135,29.359,10.574,0.0043,1.387,0.0157
HG1,2.795,28.18,9.949,0.4102,0.0,0.0
HG21,1.988,30.557,8.825,0.0642,1.487,0.0157
HG22,1.427,31.532,9.94,0.0642,1.487,0.0157
HG23,2.988,31.301,9.803,0.0642,1.487,0.0157
N,2.068,32.414,12.809,-0.4157,1.824,0.17
CA,1.463,33.734,13.032,-0.0597,1.908,0.1094
C,1.291,34.441,11.668,0.5973,1.908,0.086
O,0.23,35.005,11.374,-0.5679,1.6612,0.21
CB,2.406,34.525,13.998,0.1303,1.908,0.1094
CG1,2.436,33.816,15.367,-0.043,1.908,0.1094
CG2,1.946,35.982,14.113,-0.3204,1.908,0.1094
CD1,3.498,34.342,16.371,-0.066,1.908,0.1094
H,2.927,32.433,12.841,0.2719,0.6,0.0157
HA,0.584,33.671,13.437,0.0869,1.387,0.0157
HB,3.309,34.54,13.645,0.0187,1.487,0.0157
HG12,1.56,33.898,15.775,0.0236,1.487,0.0157
HG13,2.593,32.87,15.22,0.0236,1.487,0.0157
HG21,2.537,36.462,14.714,0.0882,1.487,0.0157
HG22,1.968,36.399,13.237,0.0882,1.487,0.0157
HG23,1.041,36.009,14.461,0.0882,1.487,0.0157
HD11,3.44,33.838,17.197,0.0186,1.487,0.0157
HD12,4.384,34.237,15.99,0.0186,1.487,0.0157
HD13,3.334,35.281,16.553,0.0186,1.487,0.0157
N,2.316,34.492,10.813,-0.4157,1.824,0.17
CA,2.223,35.11,9.501,-0.0249,1.908,0.1094
C,2.95,34.204,8.51,0.5973,1.908,0.086
O,4.055,33.726,8.814,-0.5679,1.6612,0.21
CB,2.901,36.496,9.494,0.2117,1.908,0.1094
OG,2.584,37.212,10.671,-0.6546,1.721,0.2104
H,3.091,34.163,10.987,0.2719,0.6,0.0157
HA,1.29,35.225,9.263,0.0843,1.387,0.0157
HB2,3.863,36.391,9.423,0.0352,1.387,0.0157
HB3,2.612,36.999,8.716,0.0352,1.387,0.0157
HG,1.912,36.866,11.037,0.4275,0.0,0.0
N,2.399,33.912,7.346,-0.2548,1.824,0.17
CA,3.019,33.003,6.395,-0.0266,1.908,0.1094
C,4.307,33.517,5.758,0.5896,1.908,0.086
O,4.538,34.728,5.618,-0.5748,1.6612,0.21
CB,1.897,32.717,5.391,-0.007,1.908,0.1094
CG,1.108,33.99,5.401,0.0189,1.908,0.1094
CD,1.11,34.415,6.869,0.0192,1.908,0.1094
HA,3.345,32.199,6.829,0.0641,1.387,0.0157
HB2,2.246,32.517,4.508,0.0253,1.487,0.0157
HB3,1.358,31.957,5.661,0.0253,1.487,0.0157
HG2,1.515,34.665,4.835,0.0213,1.487,0.0157
HG3,0.206,33.851,5.073,0.0213,1.487,0.0157
HD2,1.04,35.378,6.966,0.0391,1.387,0.0157
HD3,0.368,34.026,7.358,0.0391,1.387,0.0157
N,5.193,32.608,5.384,-0.4157,1.824,0.17
CA,6.411,32.949,4.687,-0.0252,1.908,0.1094
C,6.164,32.864,3.188,0.5973,1.908,0.086
O,5.029,32.807,2.712,-0.5679,1.6612,0.21
H,5.099,31.766,5.531,0.2719,0.6,0.0157
HA2,6.696,33.844,4.929,0.0698,1.387,0.0157
HA3,7.125,32.344,4.944,0.0698,1.387,0.0157
N,7.222,32.835,2.389,-0.5163,1.824,0.17
CA,7.007,32.757,0.961,0.0381,1.908,0.1094
C,6.585,31.387,0.449,0.5366,1.908,0.086
O,6.321,31.23,-0.747,-0.5819,1.6612,0.21
CB,8.271,33.226,0.254,-0.0303,1.908,0.1094
CG,9.515,32.338,0.323,0.7994,1.908,0.086
OD1,9.52,31.313,0.986,-0.8014,1.6612,0.21
OD2,10.491,32.683,-0.323,-0.8014,1.6612,0.21
H,8.043,32.859,2.645,0.2936,0.6,0.0157
HA,6.254,33.334,0.761,0.088,1.387,0.0157
HB2,8.054,33.359,-0.682,-0.0122,1.487,0.0157
HB3,8.507,34.094,0.616,-0.0122,1.487,0.0157
N,6.594,30.368,1.325,-0.4157,1.824,0.17
CA,6.226,28.993,1.019,-0.0252,1.908,0.1094
C,7.113,28.31,-0.024,0.5973,1.908,0.086
O,6.734,27.323,-0.65,-0.5679,1.6612,0.21
H,6.826,30.474,2.146,0.2719,0.6,0.0157
HA2,6.253,28.474,1.838,0.0698,1.387,0.0157
HA3,5.309,28.979,0.704,0.0698,1.387,0.0157
N,8.351,28.784,-0.145,-0.3479,1.824,0.17
CA,9.261,28.38,-1.21,-0.2637,1.908,0.1094
C,10.725,28.223,-0.763,0.7341,1.908,0.086
O,11.405,27.286,-1.18,-0.5894,1.6612,0.21
CB,9.102,29.447,-2.304,-0.0007,1.908,0.1094
CG,9.835,29.261,-3.62,0.039,1.908,0.1094
CD,9.349,30.28,-4.656,0.0486,1.908,0.1094
NE,9.542,31.668,-4.24,-0.5295,1.824,0.17
CZ,10.743,32.28,-4.262,0.8076,1.908,0.086
NH1,10.819,33.555,-3.862,-0.8627,1.824,0.17
NH2,11.866,31.652,-4.66,-0.8627,1.824,0.17
H,8.689,29.358,0.399,0.2747,0.6,0.0157
HA,9.032,27.492,-1.526,0.156,1.387,0.0157
HB2,8.156,29.524,-2.503,0.0327,1.487,0.0157
HB3,9.383,30.296,-1.929,0.0327,1.487,0.0157
HG2,10.79,29.363,-3.482,0.0285,1.487,0.0157
HG3,9.691,28.361,-3.952,0.0285,1.487,0.0157
HD2,9.819,30.131,-5.491,0.0687,1.387,0.0157
HD3,8.407,30.13,-4.83,0.0687,1.387,0.0157
HE,8.859,32.114,-3.969,0.3456,0.6,0.0157
HH11,10.111,33.966,-3.598,0.4478,0.6,0.0157
HH12,11.576,33.963,-3.868,0.4478,0.6,0.0157
HH21,11.833,30.831,-4.912,0.4478,0.6,0.0157
HH22,12.616,32.072,-4.662,0.4478,0.6,0.0157
N,11.215,29.13,0.094,-0.4157,1.824,0.17
CA,12.603,29.18,0.535,-0.0389,1.908,0.1094
C,12.721,28.688,1.974,0.5973,1.908,0.086
O,12.458,29.46,2.916,-0.5679,1.6612,0.21
CB,13.156,30.631,0.475,0.3654,1.908,0.1094
OG1,12.723,31.223,-0.757,-0.6761,1.721,0.2104
CG2,14.668,30.652,0.627,-0.2438,1.908,0.1094
H,10.728,29.748,0.441,0.2719,0.6,0.0157
HA,13.116,28.61,-0.06,0.1007,1.387,0.0157
HB,12.809,31.152,1.216,0.0043,1.387,0.0157
HG1,11.934,31.499,-0.673,0.4102,0.0,0.0
HG21,14.985,31.568,0.586,0.0642,1.487,0.0157
HG22,14.913,30.264,1.481,0.0642,1.487,0.0157
HG23,15.073,30.138,-0.089,0.0642,1.487,0.0157
N,13.103,27.425,2.126,-0.4157,1.824,0.17
CA,13.29,26.816,3.439,-0.0024,1.908,0.1094
C,14.8,26.678,3.671,0.5973,1.908,0.086
O,15.574,26.487,2.71,-0.5679,1.6612,0.21
CB,12.597,25.444,3.477,-0.0343,1.908,0.1094
CG,11.084,25.52,3.354,0.0118,1.908,0.086
CD1,10.305,25.497,4.487,-0.1256,1.908,0.086
CD2,10.487,25.635,2.104,-0.1256,1.908,0.086
CE1,8.931,25.582,4.389,-0.1704,1.908,0.086
CE2,9.111,25.721,2.02,-0.1704,1.908,0.086
CZ,8.337,25.695,3.164,-0.1072,1.908,0.086
H,13.262,26.894,1.468,0.2719,0.6,0.0157
HA,12.898,27.362,4.138,0.0978,1.387,0.0157
HB2,12.945,24.895,2.757,0.0295,1.487,0.0157
HB3,12.824,24.999,4.308,0.0295,1.487,0.0157
HD1,10.706,25.424,5.323,0.133,1.459,0.015
HD2,11.008,25.654,1.334,0.133,1.459,0.015
HE1,8.409,25.562,5.158,0.143,1.459,0.015
HE2,8.703,25.797,1.188,0.143,1.459,0.015
HZ,7.411,25.754,3.1,0.1297,1.459,0.015
N,15.238,26.884,4.929,-0.2548,1.824,0.17
CA,16.628,26.861,5.35,-0.0266,1.908,0.1094
C,17.352,25.577,4.97,0.5896,1.908,0.086
O,16.835,24.488,5.176,-0.5748,1.6612,0.21
CB,16.539,27.096,6.871,-0.007,1.908,0.1094
CG,15.307,27.933,7.029,0.0189,1.908,0.1094
CD,14.4,27.216,6.083,0.0192,1.908,0.1094
HA,17.165,27.534,4.904,0.0641,1.387,0.0157
HB2,16.467,26.26,7.357,0.0253,1.487,0.0157
HB3,17.326,27.553,7.208,0.0253,1.487,0.0157
HG2,14.971,27.934,7.939,0.0213,1.487,0.0157
HG3,15.451,28.859,6.778,0.0213,1.487,0.0157
HD2,14.03,26.417,6.489,0.0391,1.387,0.0157
HD3,13.651,27.775,5.823,0.0391,1.387,0.0157
N,18.564,25.653,4.453,-0.3479,1.824,0.17
CA,19.359,24.475,4.143,-0.24,1.908,0.1094
C,20.558,24.541,5.067,0.7341,1.908,0.086
O,20.996,25.617,5.488,-0.5894,1.6612,0.21
CB,19.871,24.473,2.694,-0.0094,1.908,0.1094
CG,18.761,24.228,1.688,0.0187,1.908,0.1094
CD,19.276,24.532,0.278,-0.0479,1.908,0.1094
CE,18.177,24.437,-0.813,-0.0143,1.908,0.1094
NZ,17.191,25.513,-0.722,-0.3854,1.824,0.17
H,18.955,26.396,4.269,0.2747,0.6,0.0157
HA,18.818,23.678,4.255,0.1426,1.387,0.0157
HB2,20.295,25.324,2.503,0.0362,1.487,0.0157
HB3,20.551,23.788,2.595,0.0362,1.487,0.0157
HG2,18.46,23.308,1.742,0.0103,1.487,0.0157
HG3,17.996,24.789,1.892,0.0103,1.487,0.0157
HD2,19.658,25.423,0.266,0.0621,1.487,0.0157
HD3,19.991,23.914,0.062,0.0621,1.487,0.0157
HE2,18.594,24.46,-1.689,0.1135,1.1,0.0157
HE3,17.725,23.582,-0.736,0.1135,1.1,0.0157
HZ1,16.538,25.368,-1.309,0.34,0.6,0.0157
HZ2,16.851,25.536,0.1,0.34,0.6,0.0157
HZ3,17.583,26.291,-0.902,0.34,0.6,0.0157
N,21.096,23.367,5.378,-0.3479,1.824,0.17
CA,22.269,23.212,6.226,-0.2637,1.908,0.1094
C,23.374,23.964,5.51,0.7341,1.908,0.086
O,23.471,23.912,4.273,-0.5894,1.6612,0.21
CB,22.527,21.743,6.316,-0.0007,1.908,0.1094
CG,23.251,21.256,7.522,0.039,1.908,0.1094
CD,22.972,19.766,7.5,0.0486,1.908,0.1094
NE,21.903,19.377,8.419,-0.5295,1.824,0.17
CZ,21.945,18.176,9.014,0.8076,1.908,0.086
NH1,22.949,17.331,8.741,-0.8627,1.824,0.17
NH2,21.073,17.848,9.982,-0.8627,1.824,0.17
H,20.78,22.62,5.094,0.2747,0.6,0.0157
HA,22.182,23.557,7.128,0.156,1.387,0.0157
HB2,21.674,21.284,6.271,0.0327,1.487,0.0157
HB3,23.034,21.477,5.533,0.0327,1.487,0.0157
HG2,24.201,21.445,7.473,0.0285,1.487,0.0157
HG3,22.92,21.672,8.333,0.0285,1.487,0.0157
HD2,22.731,19.499,6.599,0.0687,1.387,0.0157
HD3,23.782,19.286,7.731,0.0687,1.387,0.0157
HE,21.251,19.915,8.577,0.3456,0.6,0.0157
HH11,23.564,17.56,8.185,0.4478,0.6,0.0157
HH12,22.978,16.56,9.121,0.4478,0.6,0.0157
HH21,20.474,18.413,10.23,0.4478,0.6,0.0157
HH22,21.114,17.073,10.353,0.4478,0.6,0.0157
N,24.125,24.764,6.252,-0.4157,1.824,0.17
CA,25.143,25.532,5.586,-0.0252,1.908,0.1094
C,24.644,26.889,5.111,0.5973,1.908,0.086
O,25.378,27.573,4.395,-0.5679,1.6612,0.21
H,24.063,24.87,7.103,0.2719,0.6,0.0157
HA2,25.892,25.661,6.189,0.0698,1.387,0.0157
HA3,25.475,25.03,4.825,0.0698,1.387,0.0157
N,23.422,27.317,5.429,-0.4157,1.824,0.17
CA,23.035,28.698,5.16,-0.0031,1.908,0.1094
C,23.027,29.415,6.503,0.5973,1.908,0.086
O,22.934,28.762,7.544,-0.5679,1.6612,0.21
CB,21.634,28.795,4.565,-0.0036,1.908,0.1094
CG,21.627,28.167,3.201,-0.0645,1.908,0.1094
CD,20.314,28.41,2.517,0.6951,1.908,0.086
OE1,19.311,27.804,2.852,-0.6086,1.6612,0.21
NE2,20.242,29.337,1.592,-0.9407,1.824,0.17
H,22.813,26.832,5.795,0.2719,0.6,0.0157
HA,23.655,29.086,4.523,0.085,1.387,0.0157
HB2,20.995,28.347,5.141,0.0171,1.487,0.0157
HB3,21.36,29.724,4.506,0.0171,1.487,0.0157
HG2,22.349,28.533,2.667,0.0352,1.487,0.0157
HG3,21.786,27.213,3.277,0.0352,1.487,0.0157
HE21,20.95,29.765,1.356,0.4251,0.6,0.0157
HE22,19.487,29.517,1.222,0.4251,0.6,0.0157
N,23.117,30.724,6.558,-0.4157,1.824,0.17
CA,22.989,31.407,7.813,-0.0389,1.908,0.1094
C,21.531,31.85,7.87,0.5973,1.908,0.086
O,21.017,32.476,6.957,-0.5679,1.6612,0.21
CB,23.958,32.596,7.833,0.3654,1.908,0.1094
OG1,25.266,32.032,7.793,-0.6761,1.721,0.2104
CG2,23.804,33.485,9.036,-0.2438,1.908,0.1094
H,23.252,31.234,5.878,0.2719,0.6,0.0157
HA,23.208,30.857,8.582,0.1007,1.387,0.0157
HB,23.775,33.174,7.076,0.0043,1.387,0.0157
HG1,25.837,32.64,7.897,0.4102,0.0,0.0
HG21,24.444,34.212,8.985,0.0642,1.487,0.0157
HG22,22.904,33.847,9.058,0.0642,1.487,0.0157
HG23,23.965,32.97,9.842,0.0642,1.487,0.0157
N,20.807,31.52,8.918,-0.4157,1.824,0.17
CA,19.467,32.021,9.16,0.0213,1.908,0.1094
C,19.603,33.294,9.986,0.5973,1.908,0.086
O,20.33,33.334,10.982,-0.5679,1.6612,0.21
CB,18.653,31.03,9.955,-0.1231,1.908,0.1094
SG,18.575,29.401,9.162,-0.3119,2.0,0.25
H,21.087,30.983,9.528,0.2719,0.6,0.0157
HA,19.022,32.177,8.312,0.1124,1.387,0.0157
HB2,19.037,30.937,10.841,0.1112,1.387,0.0157
HB3,17.753,31.374,10.071,0.1112,1.387,0.0157
HG,17.919,28.657,9.838,0.1933,0.6,0.0157
N,18.917,34.357,9.59,-0.4157,1.824,0.17
CA,18.881,35.635,10.301,-0.0875,1.908,0.1094
C,17.452,35.727,10.853,0.5973,1.908,0.086
O,16.464,35.721,10.107,-0.5679,1.6612,0.21
CB,19.128,36.816,9.337,0.2985,1.908,0.1094
CG1,19.209,38.065,10.169,-0.3192,1.908,0.1094
CG2,20.391,36.616,8.498,-0.3192,1.908,0.1094
H,18.441,34.358,8.874,0.2719,0.6,0.0157
HA,19.564,35.68,10.988,0.0969,1.387,0.0157
HB,18.399,36.881,8.7,-0.0297,1.487,0.0157
HG11,19.364,38.829,9.592,0.0791,1.487,0.0157
HG12,18.376,38.188,10.65,0.0791,1.487,0.0157
HG13,19.939,37.985,10.803,0.0791,1.487,0.0157
HG21,20.511,37.376,7.907,0.0791,1.487,0.0157
HG22,21.16,36.538,9.084,0.0791,1.487,0.0157
HG23,20.304,35.807,7.97,0.0791,1.487,0.0157
N,17.306,35.808,12.165,-0.4157,1.824,0.17
CA,16.013,35.812,12.819,-0.0875,1.908,0.1094
C,15.885,36.892,13.884,0.5973,1.908,0.086
O,16.869,37.439,14.395,-0.5679,1.6612,0.21
CB,15.702,34.44,13.504,0.2985,1.908,0.1094
CG1,15.88,33.281,12.553,-0.3192,1.908,0.1094
CG2,16.624,34.235,14.67,-0.3192,1.908,0.1094
H,17.969,35.863,12.71,0.2719,0.6,0.0157
HA,15.38,35.989,12.106,0.0969,1.387,0.0157
HB,14.776,34.467,13.793,-0.0297,1.487,0.0157
HG11,15.679,32.451,13.013,0.0791,1.487,0.0157
HG12,15.279,33.386,11.799,0.0791,1.487,0.0157
HG13,16.796,33.26,12.236,0.0791,1.487,0.0157
HG21,16.428,33.384,15.092,0.0791,1.487,0.0157
HG22,17.543,34.238,14.36,0.0791,1.487,0.0157
HG23,16.497,34.951,15.313,0.0791,1.487,0.0157
N,14.645,37.253,14.178,-0.3479,1.824,0.17
CA,14.364,37.951,15.413,-0.1354,1.908,0.1094
C,13.595,36.956,16.271,0.7341,1.908,0.086
O,12.782,36.191,15.746,-0.5894,1.6612,0.21
CB,13.521,39.197,15.191,-0.0414,1.908,0.1094
CG,14.43,40.435,15.194,-0.0012,1.908,0.086
ND1,15.269,40.684,16.194,-0.1513,1.824,0.17
CD2,14.443,41.401,14.234,-0.1141,1.908,0.086
CE1,15.825,41.832,15.87,-0.017,1.908,0.086
NE2,15.334,42.239,14.714,-0.1718,1.824,0.17
H,13.96,37.104,13.679,0.2747,0.6,0.0157
HA,15.187,38.252,15.828,0.1212,1.387,0.0157
HB2,13.047,39.133,14.347,0.081,1.487,0.0157
HB3,12.85,39.274,15.887,0.081,1.487,0.0157
HD1,15.415,40.205,16.893,0.3866,0.6,0.0157
HD2,13.951,41.454,13.447,0.2317,1.409,0.015
HE1,16.462,42.284,16.375,0.3866,1.359,0.015
HE2,15.57,42.967,14.321,0.3911,0.6,0.0157
N,13.842,36.897,17.579,-0.4157,1.824,0.17
CA,13.112,35.997,18.462,-0.0014,1.908,0.1094
C,12.762,36.666,19.78,0.5973,1.908,0.086
O,13.396,37.653,20.197,-0.5679,1.6612,0.21
CB,13.933,34.726,18.787,-0.0152,1.908,0.1094
CG,15.141,34.955,19.683,-0.0011,1.908,0.086
CD1,15.024,34.771,21.052,-0.1906,1.908,0.086
CD2,16.353,35.35,19.132,-0.1906,1.908,0.086
CE1,16.111,34.983,21.877,-0.2341,1.908,0.086
CE2,17.445,35.558,19.949,-0.2341,1.908,0.086
CZ,17.311,35.372,21.317,0.3226,1.908,0.086
OH,18.394,35.589,22.149,-0.5579,1.721,0.2104
H,14.436,37.377,17.976,0.2719,0.6,0.0157
HA,12.302,35.757,17.985,0.0876,1.387,0.0157
HB2,13.349,34.08,19.213,0.0295,1.487,0.0157
HB3,14.235,34.33,17.954,0.0295,1.487,0.0157
HD1,14.211,34.504,21.416,0.1699,1.459,0.015
HD2,16.428,35.474,18.213,0.1699,1.459,0.015
HE1,16.036,34.865,22.796,0.1656,1.459,0.015
HE2,18.261,35.82,19.587,0.1656,1.459,0.015
HH,18.175,35.424,22.943,0.3992,0.0,0.0
N,11.73,36.132,20.416,-0.4157,1.824,0.17
CA,11.428,36.414,21.82,-0.0389,1.908,0.1094
C,11.213,35.054,22.486,0.5973,1.908,0.086
O,10.503,34.204,21.948,-0.5679,1.6612,0.21
CB,10.162,37.243,21.96,0.3654,1.908,0.1094
OG1,10.425,38.486,21.307,-0.6761,1.721,0.2104
CG2,9.766,37.455,23.397,-0.2438,1.908,0.1094
H,11.176,35.589,20.044,0.2719,0.6,0.0157
HA,12.15,36.919,22.226,0.1007,1.387,0.0157
HB,9.411,36.78,21.557,0.0043,1.387,0.0157
HG1,11.209,38.484,21.006,0.4102,0.0,0.0
HG21,8.956,37.987,23.434,0.0642,1.487,0.0157
HG22,9.608,36.596,23.819,0.0642,1.487,0.0157
HG23,10.479,37.918,23.864,0.0642,1.487,0.0157
N,11.903,34.786,23.568,-0.4157,1.824,0.17
CA,11.723,33.554,24.294,-0.0252,1.908,0.1094
C,10.918,33.802,25.567,0.5973,1.908,0.086
O,11.159,34.736,26.347,-0.5679,1.6612,0.21
H,12.492,35.314,23.905,0.2719,0.6,0.0157
HA2,11.265,32.906,23.736,0.0698,1.387,0.0157
HA3,12.587,33.175,24.519,0.0698,1.387,0.0157
N,9.985,32.913,25.828,-0.4157,1.824,0.17
CA,9.161,32.992,26.982,-0.0237,1.908,0.1094
C,8.841,31.61,27.507,0.5973,1.908,0.086
O,9.016,30.591,26.824,-0.5679,1.6612,0.21
CB,7.917,33.789,26.593,0.0342,1.908,0.1094
CG,6.971,33.27,25.605,0.0018,1.908,0.1094
SD,6.327,34.742,24.756,-0.2737,2.0,0.25
CE,6.872,34.187,23.167,-0.0536,1.908,0.1094
H,9.818,32.237,25.323,0.2719,0.6,0.0157
HA,9.612,33.445,27.711,0.088,1.387,0.0157
HB2,7.417,33.951,27.408,0.0241,1.487,0.0157
HB3,8.221,34.652,26.27,0.0241,1.487,0.0157
HG2,7.408,32.668,24.982,0.044,1.387,0.0157
HG3,6.258,32.769,26.031,0.044,1.387,0.0157
HE1,6.631,34.843,22.495,0.0684,1.387,0.0157
HE2,7.835,34.073,23.177,0.0684,1.387,0.0157
HE3,6.449,33.34,22.957,0.0684,1.387,0.0157
N,8.499,31.565,28.799,-0.4157,1.824,0.17
CA,7.998,30.34,29.396,-0.0518,1.908,0.1094
C,6.561,30.121,28.948,0.5973,1.908,0.086
O,5.949,30.984,28.302,-0.5679,1.6612,0.21
CB,8.055,30.417,30.925,-0.1102,1.908,0.1094
CG,9.399,30.285,31.679,0.3531,1.908,0.1094
CD1,10.257,29.24,30.984,-0.4121,1.908,0.1094
CD2,10.142,31.61,31.712,-0.4121,1.908,0.1094
H,8.552,32.233,29.338,0.2719,0.6,0.0157
HA,8.554,29.599,29.107,0.0922,1.387,0.0157
HB2,7.668,31.269,31.181,0.0457,1.487,0.0157
HB3,7.468,29.724,31.267,0.0457,1.487,0.0157
HG,9.216,30.018,32.593,-0.0361,1.487,0.0157
HD11,11.102,29.152,31.452,0.1,1.487,0.0157
HD12,9.795,28.387,30.988,0.1,1.487,0.0157
HD13,10.422,29.514,30.068,0.1,1.487,0.0157
HD21,10.979,31.5,32.189,0.1,1.487,0.0157
HD22,10.323,31.902,30.805,0.1,1.487,0.0157
HD23,9.598,32.275,32.163,0.1,1.487,0.0157
N,5.936,29.0,29.278,-0.5163,1.824,0.17
CA,4.58,28.684,28.849,0.0397,1.908,0.1094
C,3.471,29.598,29.28,0.5366,1.908,0.086
O,2.394,29.651,28.696,-0.5819,1.6612,0.21
CB,4.173,27.304,29.296,0.056,1.908,0.1094
CG,4.46,26.302,28.231,0.0136,1.908,0.1094
CD,3.488,26.262,27.055,0.8054,1.908,0.086
OE1,3.925,25.78,26.013,-0.8188,1.6612,0.21
OE2,2.32,26.664,27.167,-0.8188,1.6612,0.21
H,6.294,28.389,29.767,0.2936,0.6,0.0157
HA,4.666,28.782,27.888,0.1105,1.387,0.0157
HB2,4.65,27.067,30.107,-0.0173,1.487,0.0157
HB3,3.227,27.294,29.51,-0.0173,1.487,0.0157
HG2,5.349,26.474,27.884,-0.0425,1.487,0.0157
HG3,4.48,25.422,28.639,-0.0425,1.487,0.0157
N,3.728,30.336,30.327,-0.5163,1.824,0.17
CA,2.764,31.314,30.805,0.0381,1.908,0.1094
C,3.02,32.694,30.182,0.5366,1.908,0.086
O,2.449,33.685,30.638,-0.5819,1.6612,0.21
CB,2.846,31.374,32.362,-0.0303,1.908,0.1094
CG,4.194,31.828,32.967,0.7994,1.908,0.086
OD1,4.231,32.062,34.176,-0.8014,1.6612,0.21
OD2,5.208,31.958,32.275,-0.8014,1.6612,0.21
H,4.455,30.293,30.784,0.2936,0.6,0.0157
HA,1.871,31.046,30.538,0.088,1.387,0.0157
HB2,2.154,31.975,32.679,-0.0122,1.487,0.0157
HB3,2.639,30.493,32.711,-0.0122,1.487,0.0157
N,3.95,32.823,29.239,-0.4157,1.824,0.17
CA,4.187,34.06,28.552,-0.0252,1.908,0.1094
C,5.277,34.874,29.175,0.5973,1.908,0.086
O,5.57,35.944,28.656,-0.5679,1.6612,0.21
H,4.461,32.179,28.986,0.2719,0.6,0.0157
HA2,4.417,33.873,27.629,0.0698,1.387,0.0157
HA3,3.368,34.58,28.54,0.0698,1.387,0.0157
N,5.89,34.46,30.274,-0.3479,1.824,0.17
CA,6.95,35.257,30.875,-0.24,1.908,0.1094
C,8.187,35.326,29.997,0.7341,1.908,0.086
O,8.769,34.288,29.716,-0.5894,1.6612,0.21
CB,7.311,34.685,32.248,-0.0094,1.908,0.1094
CG,6.716,35.766,33.141,0.0187,1.908,0.1094
CD,6.463,35.462,34.621,-0.0479,1.908,0.1094
CE,7.702,35.274,35.486,-0.0143,1.908,0.1094
NZ,8.12,33.888,35.519,-0.3854,1.824,0.17
H,5.71,33.727,30.686,0.2747,0.6,0.0157
HA,6.616,36.163,30.972,0.1426,1.387,0.0157
HB2,6.914,33.814,32.404,0.0362,1.487,0.0157
HB3,8.268,34.587,32.37,0.0362,1.487,0.0157
HG2,7.305,36.536,33.098,0.0103,1.487,0.0157
HG3,5.87,36.034,32.75,0.0103,1.487,0.0157
HD2,5.936,36.185,34.996,0.0621,1.487,0.0157
HD3,5.924,34.658,34.68,0.0621,1.487,0.0157
HE2,8.424,35.823,35.143,0.1135,1.1,0.0157
HE3,7.518,35.579,36.388,0.1135,1.1,0.0157
HZ1,9.0,33.846,35.642,0.34,0.6,0.0157
HZ2,7.707,33.469,36.187,0.34,0.6,0.0157
HZ3,7.91,33.496,34.748,0.34,0.6,0.0157
N,8.554,36.528,29.579,-0.3479,1.824,0.17
CA,9.654,36.732,28.701,-0.24,1.908,0.1094
C,10.983,36.621,29.422,0.7341,1.908,0.086
O,11.191,37.165,30.496,-0.5894,1.6612,0.21
CB,9.441,38.089,28.056,-0.0094,1.908,0.1094
CG,10.433,38.42,26.952,0.0187,1.908,0.1094
CD,10.095,39.74,26.262,-0.0479,1.908,0.1094
CE,10.662,40.967,26.959,-0.0143,1.908,0.1094
NZ,10.433,42.135,26.126,-0.3854,1.824,0.17
H,8.153,37.253,29.811,0.2747,0.6,0.0157
HA,9.692,36.042,28.021,0.1426,1.387,0.0157
HB2,8.543,38.124,27.691,0.0362,1.487,0.0157
HB3,9.496,38.773,28.741,0.0362,1.487,0.0157
HG2,11.327,38.47,27.325,0.0103,1.487,0.0157
HG3,10.438,37.705,26.297,0.0103,1.487,0.0157
HD2,10.43,39.713,25.352,0.0621,1.487,0.0157
HD3,9.131,39.828,26.207,0.0621,1.487,0.0157
HE2,10.24,41.085,27.824,0.1135,1.1,0.0157
HE3,11.612,40.852,27.12,0.1135,1.1,0.0157
HZ1,10.983,42.789,26.374,0.34,0.6,0.0157
HZ2,10.586,41.927,25.274,0.34,0.6,0.0157
HZ3,9.59,42.405,26.218,0.34,0.6,0.0157
N,11.915,35.848,28.908,-0.4157,1.824,0.17
CA,13.233,35.801,29.504,-0.0024,1.908,0.1094
C,14.289,36.391,28.587,0.5973,1.908,0.086
O,15.354,36.728,29.098,-0.5679,1.6612,0.21
CB,13.64,34.359,29.869,-0.0343,1.908,0.1094
CG,13.559,33.307,28.776,0.0118,1.908,0.086
CD1,12.442,32.487,28.694,-0.1256,1.908,0.086
CD2,14.604,33.176,27.866,-0.1256,1.908,0.086
CE1,12.385,31.536,27.69,-0.1704,1.908,0.086
CE2,14.521,32.224,26.875,-0.1704,1.908,0.086
CZ,13.414,31.404,26.783,-0.1072,1.908,0.086
H,11.808,35.345,28.219,0.2719,0.6,0.0157
HA,13.182,36.334,30.313,0.0978,1.387,0.0157
HB2,14.553,34.38,30.197,0.0295,1.487,0.0157
HB3,13.081,34.068,30.606,0.0295,1.487,0.0157
HD1,11.744,32.575,29.303,0.133,1.459,0.015
HD2,15.351,33.726,27.927,0.133,1.459,0.015
HE1,11.643,30.979,27.627,0.143,1.459,0.015
HE2,15.215,32.133,26.263,0.143,1.459,0.015
HZ,13.363,30.764,26.11,0.1297,1.459,0.015
N,14.046,36.567,27.272,-0.5163,1.824,0.17
CA,15.03,37.122,26.357,0.0381,1.908,0.1094
C,14.368,37.545,25.052,0.5366,1.908,0.086
O,13.304,37.021,24.715,-0.5819,1.6612,0.21
CB,16.106,36.055,26.061,-0.0303,1.908,0.1094
CG,17.306,36.529,25.256,0.7994,1.908,0.086
OD1,17.567,37.723,25.173,-0.8014,1.6612,0.21
OD2,17.989,35.683,24.709,-0.8014,1.6612,0.21
H,13.299,36.363,26.898,0.2936,0.6,0.0157
HA,15.436,37.901,26.768,0.088,1.387,0.0157
HB2,16.425,35.699,26.905,-0.0122,1.487,0.0157
HB3,15.687,35.322,25.584,-0.0122,1.487,0.0157
N,14.922,38.503,24.314,-0.4157,1.824,0.17
CA,14.449,38.87,23.0,-0.0249,1.908,0.1094
C,15.544,39.612,22.241,0.5973,1.908,0.086
O,16.134,40.545,22.813,-0.5679,1.6612,0.21
CB,13.228,39.764,23.166,0.2117,1.908,0.1094
OG,12.801,40.299,21.922,-0.6546,1.721,0.2104
H,15.599,38.964,24.576,0.2719,0.6,0.0157
HA,14.213,38.076,22.495,0.0843,1.387,0.0157
HB2,12.505,39.255,23.566,0.0352,1.387,0.0157
HB3,13.437,40.488,23.776,0.0352,1.387,0.0157
HG,12.826,39.698,21.335,0.4275,0.0,0.0
N,15.82,39.25,20.98,-0.4157,1.824,0.17
CA,16.777,39.987,20.16,-0.0249,1.908,0.1094
C,16.134,41.307,19.727,0.5973,1.908,0.086
O,16.84,42.28,19.446,-0.5679,1.6612,0.21
CB,17.15,39.17,18.942,0.2117,1.908,0.1094
OG,15.987,38.861,18.161,-0.6546,1.721,0.2104
H,15.459,38.577,20.585,0.2719,0.6,0.0157
HA,17.582,40.164,20.671,0.0843,1.387,0.0157
HB2,17.787,39.661,18.4,0.0352,1.387,0.0157
HB3,17.586,38.349,19.219,0.0352,1.387,0.0157
HG,15.298,39.108,18.574,0.4275,0.0,0.0
N,14.78,41.369,19.681,-0.3479,1.824,0.17
CA,14.023,42.579,19.313,-0.2637,1.908,0.1094
C,14.339,43.716,20.27,0.7341,1.908,0.086
O,14.457,44.887,19.91,-0.5894,1.6612,0.21
CB,12.503,42.321,19.352,-0.0007,1.908,0.1094
CG,12.07,41.319,18.273,0.039,1.908,0.1094
CD,10.565,41.027,18.207,0.0486,1.908,0.1094
NE,10.226,40.071,17.141,-0.5295,1.824,0.17
CZ,10.034,38.734,17.347,0.8076,1.908,0.086
NH1,9.73,37.873,16.368,-0.8627,1.824,0.17
NH2,10.106,38.177,18.547,-0.8627,1.824,0.17
H,14.277,40.696,19.866,0.2747,0.6,0.0157
HA,14.286,42.818,18.411,0.156,1.387,0.0157
HB2,12.254,41.983,20.226,0.0327,1.487,0.0157
HB3,12.029,43.158,19.226,0.0327,1.487,0.0157
HG2,12.357,41.654,17.409,0.0285,1.487,0.0157
HG3,12.539,40.483,18.423,0.0285,1.487,0.0157
HD2,10.269,40.674,19.061,0.0687,1.387,0.0157
HD3,10.083,41.856,18.06,0.0687,1.387,0.0157
HE,10.144,40.372,16.34,0.3456,0.6,0.0157
HH11,9.646,38.153,15.559,0.4478,0.6,0.0157
HH12,9.619,37.039,16.548,0.4478,0.6,0.0157
HH21,10.28,38.661,19.236,0.4478,0.6,0.0157
HH22,9.979,37.331,18.637,0.4478,0.6,0.0157
N,14.533,43.396,21.55,-0.5163,1.824,0.17
CA,14.906,44.375,22.561,0.0381,1.908,0.1094
C,16.314,44.922,22.372,0.5366,1.908,0.086
O,16.615,46.023,22.833,-0.5819,1.6612,0.21
CB,14.785,43.741,23.95,-0.0303,1.908,0.1094
CG,13.358,43.389,24.403,0.7994,1.908,0.086
OD1,13.231,42.758,25.462,-0.8014,1.6612,0.21
OD2,12.385,43.732,23.713,-0.8014,1.6612,0.21
H,14.45,42.596,21.855,0.2936,0.6,0.0157
HA,14.298,45.125,22.47,0.088,1.387,0.0157
HB2,15.32,42.932,23.965,-0.0122,1.487,0.0157
HB3,15.172,44.349,24.599,-0.0122,1.487,0.0157
N,17.21,44.187,21.708,-0.3479,1.824,0.17
CA,18.573,44.621,21.452,-0.2637,1.908,0.1094
C,18.693,45.273,20.101,0.7341,1.908,0.086
O,19.758,45.767,19.759,-0.5894,1.6612,0.21
CB,19.545,43.451,21.469,-0.0007,1.908,0.1094
CG,19.554,42.804,22.829,0.039,1.908,0.1094
CD,20.636,41.736,22.887,0.0486,1.908,0.1094
NE,20.403,40.588,22.0,-0.5295,1.824,0.17
CZ,19.79,39.472,22.426,0.8076,1.908,0.086
NH1,19.585,38.434,21.61,-0.8627,1.824,0.17
NH2,19.329,39.381,23.666,-0.8627,1.824,0.17
H,17.033,43.408,21.39,0.2747,0.6,0.0157
HA,18.791,45.251,22.157,0.156,1.387,0.0157
HB2,19.291,42.801,20.796,0.0327,1.487,0.0157
HB3,20.437,43.759,21.244,0.0327,1.487,0.0157
HG2,19.712,43.473,23.513,0.0285,1.487,0.0157
HG3,18.688,42.408,23.014,0.0285,1.487,0.0157
HD2,21.487,42.141,22.658,0.0687,1.387,0.0157
HD3,20.711,41.416,23.8,0.0687,1.387,0.0157
HE,20.667,40.632,21.183,0.3456,0.6,0.0157
HH11,19.848,38.472,20.792,0.4478,0.6,0.0157
HH12,19.19,37.728,21.903,0.4478,0.6,0.0157
HH21,19.421,40.042,24.209,0.4478,0.6,0.0157
HH22,18.938,38.661,23.928,0.4478,0.6,0.0157
N,17.624,45.3,19.31,-0.4157,1.824,0.17
CA,17.577,45.75,17.905,0.0143,1.908,0.1094
C,18.654,45.166,17.007,0.5973,1.908,0.086
O,19.186,45.8,16.093,-0.5679,1.6612,0.21
CB,17.646,47.295,17.807,-0.2041,1.908,0.1094
CG,16.354,47.92,18.292,0.713,1.908,0.086
OD1,15.325,47.913,17.605,-0.5931,1.6612,0.21
ND2,16.388,48.434,19.509,-0.9191,1.824,0.17
H,16.854,45.041,19.591,0.2719,0.6,0.0157
HA,16.725,45.416,17.582,0.1048,1.387,0.0157
HB2,18.389,47.625,18.337,0.0797,1.487,0.0157
HB3,17.813,47.558,16.889,0.0797,1.487,0.0157
HD21,15.678,48.78,19.85,0.4196,0.6,0.0157
HD22,17.12,48.423,19.96,0.4196,0.6,0.0157
N,18.902,43.879,17.202,-0.3479,1.824,0.17
CA,20.004,43.2,16.566,-0.24,1.908,0.1094
C,19.455,41.809,16.281,0.7341,1.908,0.086
O,19.113,41.11,17.237,-0.5894,1.6612,0.21
CB,21.147,43.172,17.57,-0.0094,1.908,0.1094
CG,22.455,42.458,17.257,0.0187,1.908,0.1094
CD,23.389,43.287,16.371,-0.0479,1.908,0.1094
CE,24.858,42.929,16.642,-0.0143,1.908,0.1094
NZ,25.18,41.529,16.373,-0.3854,1.824,0.17
H,18.428,43.375,17.713,0.2747,0.6,0.0157
HA,20.337,43.611,15.753,0.1426,1.387,0.0157
HB2,21.369,44.094,17.772,0.0362,1.487,0.0157
HB3,20.798,42.779,18.385,0.0362,1.487,0.0157
HG2,22.909,42.245,18.087,0.0103,1.487,0.0157
HG3,22.261,41.616,16.816,0.0103,1.487,0.0157
HD2,23.18,43.129,15.437,0.0621,1.487,0.0157
HD3,23.246,44.232,16.538,0.0621,1.487,0.0157
HE2,25.427,43.494,16.096,0.1135,1.1,0.0157
HE3,25.066,43.128,17.568,0.1135,1.1,0.0157
HZ1,25.516,41.155,17.108,0.34,0.6,0.0157
HZ2,24.441,41.096,16.131,0.34,0.6,0.0157
HZ3,25.779,41.483,15.717,0.34,0.6,0.0157
N,19.306,41.369,15.02,-0.2548,1.824,0.17
CA,18.901,40.003,14.695,-0.0266,1.908,0.1094
C,19.98,39.033,15.161,0.5896,1.908,0.086
O,21.173,39.378,15.243,-0.5748,1.6612,0.21
CB,18.709,39.994,13.197,-0.007,1.908,0.1094
CG,18.709,41.447,12.787,0.0189,1.908,0.1094
CD,19.629,42.105,13.8,0.0192,1.908,0.1094
HA,18.084,39.725,15.137,0.0641,1.387,0.0157
HB2,19.422,39.506,12.756,0.0253,1.487,0.0157
HB3,17.876,39.562,12.953,0.0253,1.487,0.0157
HG2,19.036,41.562,11.881,0.0213,1.487,0.0157
HG3,17.817,41.826,12.817,0.0213,1.487,0.0157
HD2,20.563,42.013,13.556,0.0391,1.387,0.0157
HD3,19.451,43.054,13.89,0.0391,1.387,0.0157
N,19.528,37.823,15.433,-0.4157,1.824,0.17
CA,20.378,36.731,15.823,-0.0024,1.908,0.1094
C,20.609,35.887,14.564,0.5973,1.908,0.086
O,19.699,35.634,13.769,-0.5679,1.6612,0.21
CB,19.667,35.929,16.933,-0.0343,1.908,0.1094
CG,20.374,34.619,17.256,0.0118,1.908,0.086
CD1,19.721,33.423,17.005,-0.1256,1.908,0.086
CD2,21.654,34.61,17.79,-0.1256,1.908,0.086
CE1,20.341,32.22,17.285,-0.1704,1.908,0.086
CE2,22.266,33.392,18.067,-0.1704,1.908,0.086
CZ,21.609,32.201,17.815,-0.1072,1.908,0.086
H,18.695,37.613,15.393,0.2719,0.6,0.0157
HA,21.232,37.025,16.176,0.0978,1.387,0.0157
HB2,19.615,36.471,17.736,0.0295,1.487,0.0157
HB3,18.756,35.741,16.658,0.0295,1.487,0.0157
HD1,18.863,33.43,16.647,0.133,1.459,0.015
HD2,22.098,35.409,17.961,0.133,1.459,0.015
HE1,19.898,31.42,17.114,0.143,1.459,0.015
HE2,23.124,33.378,18.425,0.143,1.459,0.015
HZ,22.024,31.39,18.004,0.1297,1.459,0.015
N,21.837,35.462,14.334,-0.3479,1.824,0.17
CA,22.175,34.646,13.198,-0.24,1.908,0.1094
C,22.807,33.336,13.665,0.7341,1.908,0.086
O,23.579,33.287,14.629,-0.5894,1.6612,0.21
CB,23.155,35.386,12.283,-0.0094,1.908,0.1094
CG,22.672,36.69,11.699,0.0187,1.908,0.1094
CD,23.859,37.245,10.918,-0.0479,1.908,0.1094
CE,23.609,38.656,10.438,-0.0143,1.908,0.1094
NZ,24.647,39.017,9.491,-0.3854,1.824,0.17
H,22.505,35.645,14.844,0.2747,0.6,0.0157
HA,21.362,34.455,12.704,0.1426,1.387,0.0157
HB2,23.967,35.56,12.784,0.0362,1.487,0.0157
HB3,23.394,34.795,11.552,0.0362,1.487,0.0157
HG2,21.906,36.552,11.12,0.0103,1.487,0.0157
HG3,22.394,37.304,12.396,0.0103,1.487,0.0157
HD2,24.65,37.23,11.479,0.0621,1.487,0.0157
HD3,24.041,36.672,10.156,0.0621,1.487,0.0157
HE2,22.736,38.719,10.02,0.1135,1.1,0.0157
HE3,23.61,39.271,11.188,0.1135,1.1,0.0157
HZ1,24.493,39.836,9.18,0.34,0.6,0.0157
HZ2,25.439,38.998,9.897,0.34,0.6,0.0157
HZ3,24.647,38.438,8.815,0.34,0.6,0.0157
N,22.519,32.258,12.955,-0.4157,1.824,0.17
CA,23.017,30.945,13.278,-0.0024,1.908,0.1094
C,22.94,30.096,12.019,0.5973,1.908,0.086
O,22.216,30.448,11.079,-0.5679,1.6612,0.21
CB,22.165,30.328,14.405,-0.0343,1.908,0.1094
CG,20.741,29.945,14.018,0.0118,1.908,0.086
CD1,19.766,30.921,13.902,-0.1256,1.908,0.086
CD2,20.442,28.614,13.794,-0.1256,1.908,0.086
CE1,18.479,30.557,13.566,-0.1704,1.908,0.086
CE2,19.154,28.25,13.459,-0.1704,1.908,0.086
CZ,18.182,29.219,13.351,-0.1072,1.908,0.086
H,22.017,32.275,12.257,0.2719,0.6,0.0157
HA,23.935,30.991,13.589,0.0978,1.387,0.0157
HB2,22.618,29.536,14.735,0.0295,1.487,0.0157
HB3,22.125,30.959,15.141,0.0295,1.487,0.0157
HD1,19.977,31.815,14.049,0.133,1.459,0.015
HD2,21.106,27.967,13.869,0.133,1.459,0.015
HE1,17.815,31.203,13.484,0.143,1.459,0.015
HE2,18.944,27.357,13.307,0.143,1.459,0.015
HZ,17.313,28.973,13.13,0.1297,1.459,0.015
N,23.663,28.972,12.014,-0.4157,1.824,0.17
CA,23.694,27.997,10.936,-0.0237,1.908,0.1094
C,23.188,26.65,11.426,0.5973,1.908,0.086
O,23.4,26.25,12.583,-0.5679,1.6612,0.21
CB,25.089,27.754,10.428,0.0342,1.908,0.1094
CG,25.694,28.919,9.701,0.0018,1.908,0.1094
SD,27.28,28.392,9.014,-0.2737,2.0,0.25
CE,26.825,28.4,7.318,-0.0536,1.908,0.1094
H,24.17,28.753,12.673,0.2719,0.6,0.0157
HA,23.138,28.363,10.231,0.088,1.387,0.0157
HB2,25.659,27.523,11.178,0.0241,1.487,0.0157
HB3,25.077,26.987,9.834,0.0241,1.487,0.0157
HG2,25.102,29.221,8.994,0.044,1.387,0.0157
HG3,25.819,29.667,10.305,0.044,1.387,0.0157
HE1,27.585,28.132,6.778,0.0684,1.387,0.0157
HE2,26.093,27.78,7.176,0.0684,1.387,0.0157
HE3,26.546,29.293,7.062,0.0684,1.387,0.0157
N,22.428,25.992,10.558,-0.4157,1.824,0.17
CA,21.969,24.64,10.773,-0.0518,1.908,0.1094
C,23.129,23.685,10.584,0.5973,1.908,0.086
O,24.071,23.934,9.839,-0.5679,1.6612,0.21
CB,20.894,24.307,9.776,-0.1102,1.908,0.1094
CG,19.408,24.379,10.012,0.3531,1.908,0.1094
CD1,19.015,25.27,11.16,-0.4121,1.908,0.1094
CD2,18.846,24.764,8.67,-0.4121,1.908,0.1094
H,22.163,26.332,9.814,0.2719,0.6,0.0157
HA,21.615,24.559,11.672,0.0922,1.387,0.0157
HB2,21.064,24.876,9.009,0.0457,1.487,0.0157
HB3,21.07,23.395,9.497,0.0457,1.487,0.0157
HG,19.037,23.535,10.313,-0.0361,1.487,0.0157
HD11,18.05,25.27,11.254,0.1,1.487,0.0157
HD12,19.42,24.942,11.978,0.1,1.487,0.0157
HD13,19.322,26.174,10.988,0.1,1.487,0.0157
HD21,17.88,24.834,8.731,0.1,1.487,0.0157
HD22,19.215,25.619,8.398,0.1,1.487,0.0157
HD23,19.08,24.088,8.015,0.1,1.487,0.0157
N,23.075,22.615,11.348,-0.4157,1.824,0.17
CA,23.993,21.513,11.186,-0.0252,1.908,0.1094
C,25.248,21.608,12.034,0.5973,1.908,0.086
O,26.098,20.719,11.943,-0.5679,1.6612,0.21
H,22.501,22.507,11.979,0.2719,0.6,0.0157
HA2,23.531,20.688,11.403,0.0698,1.387,0.0157
HA3,24.251,21.456,10.253,0.0698,1.387,0.0157
N,25.387,22.616,12.903,-0.3479,1.824,0.17
CA,26.615,22.805,13.661,-0.24,1.908,0.1094
C,26.449,22.761,15.18,0.7341,1.908,0.086
O,27.326,23.253,15.901,-0.5894,1.6612,0.21
CB,27.208,24.148,13.213,-0.0094,1.908,0.1094
CG,27.939,24.078,11.862,0.0187,1.908,0.1094
CD,28.234,25.464,11.279,-0.0479,1.908,0.1094
CE,29.081,25.469,9.988,-0.0143,1.908,0.1094
NZ,30.512,25.519,10.268,-0.3854,1.824,0.17
H,24.776,23.2,13.064,0.2747,0.6,0.0157
HA,27.205,22.058,13.472,0.1426,1.387,0.0157
HB2,26.496,24.804,13.153,0.0362,1.487,0.0157
HB3,27.826,24.462,13.891,0.0362,1.487,0.0157
HG2,28.772,23.594,11.974,0.0103,1.487,0.0157
HG3,27.4,23.574,11.232,0.0103,1.487,0.0157
HD2,27.391,25.908,11.097,0.0621,1.487,0.0157
HD3,28.693,25.991,11.952,0.0621,1.487,0.0157
HE2,28.882,24.674,9.47,0.1135,1.1,0.0157
HE3,28.833,26.232,9.443,0.1135,1.1,0.0157
HZ1,30.945,25.822,9.551,0.34,0.6,0.0157
HZ2,30.661,26.064,10.956,0.34,0.6,0.0157
HZ3,30.804,24.702,10.468,0.34,0.6,0.0157
N,25.374,22.183,15.742,-0.4157,1.824,0.17
CA,25.014,22.24,17.174,-0.0031,1.908,0.1094
C,25.14,23.627,17.806,0.5973,1.908,0.086
O,25.531,23.826,18.965,-0.5679,1.6612,0.21
CB,25.861,21.265,18.013,-0.0036,1.908,0.1094
CG,25.556,19.806,17.768,-0.0645,1.908,0.1094
CD,26.49,18.905,18.568,0.6951,1.908,0.086
OE1,27.699,18.923,18.347,-0.6086,1.6612,0.21
NE2,26.028,18.092,19.517,-0.9407,1.824,0.17
H,24.81,21.727,15.279,0.2719,0.6,0.0157
HA,24.077,21.988,17.186,0.085,1.387,0.0157
HB2,26.799,21.424,17.825,0.0171,1.487,0.0157
HB3,25.723,21.46,18.953,0.0171,1.487,0.0157
HG2,24.636,19.62,18.012,0.0352,1.487,0.0157
HG3,25.644,19.609,16.822,0.0352,1.487,0.0157
HE21,25.185,18.065,19.687,0.4251,0.6,0.0157
HE22,26.572,17.595,19.96,0.4251,0.6,0.0157
N,24.795,24.637,16.995,-0.5163,1.824,0.17
CA,24.816,26.037,17.398,0.0397,1.908,0.1094
C,23.58,26.479,18.173,0.5366,1.908,0.086
O,23.56,27.553,18.751,-0.5819,1.6612,0.21
CB,24.895,26.957,16.202,0.056,1.908,0.1094
CG,26.278,27.047,15.648,0.0136,1.908,0.1094
CD,26.386,27.926,14.411,0.8054,1.908,0.086
OE1,27.274,27.658,13.614,-0.8188,1.6612,0.21
OE2,25.613,28.862,14.219,-0.8188,1.6612,0.21
H,24.539,24.518,16.183,0.2936,0.6,0.0157
HA,25.6,26.1,17.966,0.1105,1.387,0.0157
HB2,24.292,26.639,15.512,-0.0173,1.487,0.0157
HB3,24.593,27.843,16.457,-0.0173,1.487,0.0157
HG2,26.87,27.393,16.334,-0.0425,1.487,0.0157
HG3,26.589,26.155,15.429,-0.0425,1.487,0.0157
N,22.482,25.756,18.135,-0.4157,1.824,0.17
CA,21.23,26.115,18.787,-0.0875,1.908,0.1094
C,20.654,24.824,19.375,0.5973,1.908,0.086
O,21.029,23.704,18.988,-0.5679,1.6612,0.21
CB,20.159,26.714,17.8,0.2985,1.908,0.1094
CG1,20.532,28.126,17.393,-0.3192,1.908,0.1094
CG2,20.057,25.844,16.557,-0.3192,1.908,0.1094
H,22.437,25.009,17.712,0.2719,0.6,0.0157
HA,21.419,26.797,19.451,0.0969,1.387,0.0157
HB,19.304,26.735,18.257,-0.0297,1.487,0.0157
HG11,19.861,28.476,16.786,0.0791,1.487,0.0157
HG12,20.579,28.689,18.182,0.0791,1.487,0.0157
HG13,21.395,28.118,16.95,0.0791,1.487,0.0157
HG21,19.396,26.218,15.953,0.0791,1.487,0.0157
HG22,20.919,25.812,16.113,0.0791,1.487,0.0157
HG23,19.791,24.946,16.811,0.0791,1.487,0.0157
N,19.75,24.957,20.34,-0.4157,1.824,0.17
CA,19.02,23.813,20.89,-0.0597,1.908,0.1094
C,18.311,23.083,19.747,0.5973,1.908,0.086
O,17.911,23.682,18.729,-0.5679,1.6612,0.21
CB,17.98,24.282,21.939,0.1303,1.908,0.1094
CG1,17.09,25.441,21.458,-0.043,1.908,0.1094
CG2,18.785,24.611,23.192,-0.3204,1.908,0.1094
CD1,16.063,25.846,22.558,-0.066,1.908,0.1094
H,19.541,25.711,20.696,0.2719,0.6,0.0157
HA,19.646,23.216,21.329,0.0869,1.387,0.0157
HB,17.33,23.584,22.115,0.0187,1.487,0.0157
HG12,17.643,26.205,21.229,0.0236,1.487,0.0157
HG13,16.619,25.179,20.651,0.0236,1.487,0.0157
HG21,18.185,24.913,23.892,0.0882,1.487,0.0157
HG22,19.257,23.818,23.491,0.0882,1.487,0.0157
HG23,19.425,25.311,22.991,0.0882,1.487,0.0157
HD11,15.513,26.577,22.234,0.0186,1.487,0.0157
HD12,15.498,25.086,22.769,0.0186,1.487,0.0157
HD13,16.537,26.128,23.356,0.0186,1.487,0.0157
N,18.124,21.779,19.873,-0.3479,1.824,0.17
CA,17.537,20.972,18.832,-0.2637,1.908,0.1094
C,16.157,21.427,18.42,0.7341,1.908,0.086
O,15.835,21.364,17.229,-0.5894,1.6612,0.21
CB,17.567,19.551,19.37,-0.0007,1.908,0.1094
CG,17.076,18.461,18.457,0.039,1.908,0.1094
CD,17.491,18.509,17.022,0.0486,1.908,0.1094
NE,18.867,18.18,16.819,-0.5295,1.824,0.17
CZ,19.272,17.548,15.703,0.8076,1.908,0.086
NH1,18.44,17.184,14.722,-0.8627,1.824,0.17
NH2,20.569,17.301,15.523,-0.8627,1.824,0.17
H,18.339,21.336,20.578,0.2747,0.6,0.0157
HA,18.038,21.048,18.005,0.156,1.387,0.0157
HB2,18.481,19.344,19.622,0.0327,1.487,0.0157
HB3,17.036,19.525,20.182,0.0327,1.487,0.0157
HG2,17.369,17.612,18.823,0.0285,1.487,0.0157
HG3,16.106,18.463,18.486,0.0285,1.487,0.0157
HD2,16.94,17.895,16.512,0.0687,1.387,0.0157
HD3,17.323,19.398,16.673,0.0687,1.387,0.0157
HE,19.445,18.39,17.42,0.3456,0.6,0.0157
HH11,17.599,17.352,14.787,0.4478,0.6,0.0157
HH12,18.746,16.781,14.026,0.4478,0.6,0.0157
HH21,21.14,17.545,16.118,0.4478,0.6,0.0157
HH22,20.835,16.897,14.812,0.4478,0.6,0.0157
N,15.318,21.934,19.311,-0.4157,1.824,0.17
CA,13.978,22.402,18.996,-0.0252,1.908,0.1094
C,14.015,23.489,17.929,0.5973,1.908,0.086
O,13.148,23.522,17.055,-0.5679,1.6612,0.21
H,15.52,22.018,20.143,0.2719,0.6,0.0157
HA2,13.437,21.659,18.687,0.0698,1.387,0.0157
HA3,13.555,22.746,19.798,0.0698,1.387,0.0157
N,15.018,24.377,17.982,-0.4157,1.824,0.17
CA,15.231,25.419,16.967,-0.0275,1.908,0.1094
C,15.725,24.841,15.641,0.5973,1.908,0.086
O,15.24,25.189,14.577,-0.5679,1.6612,0.21
CB,16.286,26.481,17.387,-0.005,1.908,0.1094
CG,15.71,27.703,18.074,-0.1415,1.908,0.086
CD1,14.925,27.632,19.204,-0.1638,1.908,0.086
CD2,15.908,29.0,17.662,0.1243,1.908,0.086
NE1,14.627,28.877,19.503,-0.3418,1.824,0.17
CE2,15.193,29.725,18.614,0.138,1.908,0.086
CE3,16.596,29.631,16.641,-0.2387,1.908,0.086
CZ2,15.164,31.115,18.537,-0.2601,1.908,0.086
CZ3,16.568,31.013,16.573,-0.1134,1.908,0.086
CH2,15.859,31.745,17.508,-0.1972,1.908,0.086
H,15.599,24.39,18.616,0.2719,0.6,0.0157
HA,14.358,25.831,16.872,0.1123,1.387,0.0157
HB2,16.929,26.064,17.981,0.0339,1.487,0.0157
HB3,16.772,26.767,16.598,0.0339,1.487,0.0157
HD1,14.661,26.865,19.659,0.2062,1.409,0.015
HE1,14.141,29.118,20.17,0.3412,0.6,0.0157
HE3,17.069,29.135,16.012,0.17,1.459,0.015
HZ2,14.689,31.614,19.162,0.1447,1.459,0.015
HZ3,17.029,31.452,15.895,0.1572,1.459,0.015
HH2,15.846,32.673,17.448,0.1417,1.459,0.015
N,16.689,23.924,15.672,-0.5163,1.824,0.17
CA,17.245,23.239,14.496,0.0397,1.908,0.1094
C,16.097,22.593,13.703,0.5366,1.908,0.086
O,15.968,22.739,12.487,-0.5819,1.6612,0.21
CB,18.216,22.232,15.075,0.056,1.908,0.1094
CG,19.063,21.367,14.175,0.0136,1.908,0.1094
CD,20.357,22.013,13.714,0.8054,1.908,0.086
OE1,20.785,21.648,12.626,-0.8188,1.6612,0.21
OE2,20.927,22.843,14.418,-0.8188,1.6612,0.21
H,17.055,23.67,16.408,0.2936,0.6,0.0157
HA,17.7,23.822,13.868,0.1105,1.387,0.0157
HB2,18.823,22.721,15.653,-0.0173,1.487,0.0157
HB3,17.703,21.636,15.642,-0.0173,1.487,0.0157
HG2,19.275,20.544,14.643,-0.0425,1.487,0.0157
HG3,18.541,21.124,13.395,-0.0425,1.487,0.0157
N,15.205,21.883,14.392,-0.5163,1.824,0.17
CA,14.071,21.29,13.736,0.0397,1.908,0.1094
C,12.888,22.184,13.52,0.5366,1.908,0.086
O,12.135,21.903,12.59,-0.5819,1.6612,0.21
CB,13.626,20.081,14.509,0.056,1.908,0.1094
CG,14.678,19.01,14.326,0.0136,1.908,0.1094
CD,14.359,17.696,15.02,0.8054,1.908,0.086
OE1,13.264,17.53,15.572,-0.8188,1.6612,0.21
OE2,15.233,16.829,15.011,-0.8188,1.6612,0.21
H,15.248,21.739,15.239,0.2936,0.6,0.0157
HA,14.391,21.07,12.847,0.1105,1.387,0.0157
HB2,13.519,20.297,15.449,-0.0173,1.487,0.0157
HB3,12.764,19.77,14.19,-0.0173,1.487,0.0157
HG2,14.793,18.843,13.377,-0.0425,1.487,0.0157
HG3,15.525,19.343,14.66,-0.0425,1.487,0.0157
N,12.67,23.243,14.275,-0.4157,1.824,0.17
CA,11.52,24.129,14.079,-0.0252,1.908,0.1094
C,11.766,25.109,12.935,0.5973,1.908,0.086
O,10.961,25.248,12.012,-0.5679,1.6612,0.21
H,13.184,23.477,14.923,0.2719,0.6,0.0157
HA2,10.729,23.6,13.89,0.0698,1.387,0.0157
HA3,11.344,24.62,14.897,0.0698,1.387,0.0157
N,12.911,25.79,12.939,-0.4157,1.824,0.17
CA,13.247,26.773,11.9,-0.0875,1.908,0.1094
C,13.417,26.103,10.539,0.5973,1.908,0.086
O,13.07,26.687,9.516,-0.5679,1.6612,0.21
CB,14.527,27.531,12.33,0.2985,1.908,0.1094
CG1,14.978,28.496,11.239,-0.3192,1.908,0.1094
CG2,14.222,28.362,13.582,-0.3192,1.908,0.1094
H,13.517,25.697,13.542,0.2719,0.6,0.0157
HA,12.519,27.407,11.804,0.0969,1.387,0.0157
HB,15.223,26.877,12.499,-0.0297,1.487,0.0157
HG11,15.78,28.96,11.528,0.0791,1.487,0.0157
HG12,15.166,28.001,10.426,0.0791,1.487,0.0157
HG13,14.275,29.142,11.068,0.0791,1.487,0.0157
HG21,15.021,28.839,13.856,0.0791,1.487,0.0157
HG22,13.517,28.998,13.384,0.0791,1.487,0.0157
HG23,13.935,27.775,14.299,0.0791,1.487,0.0157
N,13.871,24.845,10.462,('N', 0.2719),1.824,0.17
CA,13.954,24.158,9.19,0.0337,1.908,0.1094
C,12.594,24.002,8.523,0.5973,1.908,0.086
O,12.537,23.842,7.319,-0.5679,1.6612,0.21
CB,14.545,22.777,9.382,-0.1825,1.908,0.1094
H,14.132,24.382,11.138,0.2719,0.6,0.0157
HA,14.518,24.702,8.619,0.0823,1.387,0.0157
HB1,14.597,22.325,8.525,0.0603,1.487,0.0157
HB2,15.435,22.855,9.76,0.0603,1.487,0.0157
HB3,13.983,22.265,9.984,0.0603,1.487,0.0157
N,11.484,24.09,9.256,-0.4157,1.824,0.17
CA,10.137,23.982,8.718,-0.0031,1.908,0.1094
C,9.514,25.323,8.361,0.5973,1.908,0.086
O,8.3,25.39,8.107,-0.5679,1.6612,0.21
CB,9.229,23.3,9.739,-0.0036,1.908,0.1094
CG,9.715,21.898,10.001,-0.0645,1.908,0.1094
CD,8.827,21.234,11.007,0.6951,1.908,0.086
OE1,7.651,20.96,10.756,-0.6086,1.6612,0.21
NE2,9.375,21.002,12.186,-0.9407,1.824,0.17
H,11.499,24.218,10.106,0.2719,0.6,0.0157
HA,10.216,23.465,7.901,0.085,1.387,0.0157
HB2,9.22,23.808,10.566,0.0171,1.487,0.0157
HB3,8.317,23.278,9.409,0.0171,1.487,0.0157
HG2,9.72,21.389,9.175,0.0352,1.487,0.0157
HG3,10.628,21.919,10.327,0.0352,1.487,0.0157
HE21,10.199,21.206,12.325,0.4251,0.6,0.0157
HE22,8.908,20.647,12.815,0.4251,0.6,0.0157
N,10.254,26.419,8.405,-0.4157,1.824,0.17
CA,9.716,27.756,8.152,-0.0237,1.908,0.1094
C,10.314,28.256,6.855,0.5973,1.908,0.086
O,11.436,27.878,6.525,-0.5679,1.6612,0.21
CB,10.105,28.781,9.248,0.0342,1.908,0.1094
CG,9.531,28.462,10.637,0.0018,1.908,0.1094
SD,10.209,29.488,11.975,-0.2737,2.0,0.25
CE,9.798,31.141,11.488,-0.0536,1.908,0.1094
H,11.095,26.413,8.585,0.2719,0.6,0.0157
HA,8.749,27.682,8.13,0.088,1.387,0.0157
HB2,11.072,28.822,9.31,0.0241,1.487,0.0157
HB3,9.8,29.661,8.977,0.0241,1.487,0.0157
HG2,8.568,28.575,10.612,0.044,1.387,0.0157
HG3,9.701,27.529,10.84,0.044,1.387,0.0157
HE1,10.126,31.766,12.154,0.0684,1.387,0.0157
HE2,10.208,31.337,10.631,0.0684,1.387,0.0157
HE3,8.835,31.226,11.412,0.0684,1.387,0.0157
N,9.586,29.062,6.106,-0.4157,1.824,0.17
CA,10.116,29.656,4.911,-0.0249,1.908,0.1094
C,10.366,31.132,5.181,0.5973,1.908,0.086
O,9.925,31.724,6.179,-0.5679,1.6612,0.21
CB,9.126,29.443,3.817,0.2117,1.908,0.1094
OG,7.831,29.965,4.076,-0.6546,1.721,0.2104
H,8.772,29.277,6.28,0.2719,0.6,0.0157
HA,10.958,29.255,4.644,0.0843,1.387,0.0157
HB2,9.468,29.849,3.005,0.0352,1.387,0.0157
HB3,9.049,28.491,3.648,0.0352,1.387,0.0157
HG,7.25,29.421,3.807,0.4275,0.0,0.0
N,11.157,31.779,4.345,-0.4157,1.824,0.17
CA,11.511,33.169,4.541,-0.0875,1.908,0.1094
C,10.316,34.094,4.61,0.5973,1.908,0.086
O,9.389,34.014,3.8,-0.5679,1.6612,0.21
CB,12.481,33.572,3.411,0.2985,1.908,0.1094
CG1,12.887,35.046,3.564,-0.3192,1.908,0.1094
CG2,13.746,32.738,3.52,-0.3192,1.908,0.1094
H,11.505,31.422,3.644,0.2719,0.6,0.0157
HA,11.938,33.261,5.407,0.0969,1.387,0.0157
HB,12.039,33.431,2.559,-0.0297,1.487,0.0157
HG11,13.496,35.29,2.85,0.0791,1.487,0.0157
HG12,12.096,35.606,3.519,0.0791,1.487,0.0157
HG13,13.325,35.174,4.42,0.0791,1.487,0.0157
HG21,14.36,32.987,2.812,0.0791,1.487,0.0157
HG22,14.165,32.896,4.381,0.0791,1.487,0.0157
HG23,13.522,31.798,3.437,0.0791,1.487,0.0157
N,10.383,34.988,5.593,-0.4157,1.824,0.17
CA,9.344,35.939,5.916,-0.0252,1.908,0.1094
C,8.35,35.405,6.931,0.5973,1.908,0.086
O,7.563,36.183,7.454,-0.5679,1.6612,0.21
H,11.068,35.054,6.108,0.2719,0.6,0.0157
HA2,9.75,36.749,6.263,0.0698,1.387,0.0157
HA3,8.872,36.183,5.105,0.0698,1.387,0.0157
N,8.332,34.12,7.255,-0.4157,1.824,0.17
CA,7.391,33.547,8.182,-0.0031,1.908,0.1094
C,7.665,33.942,9.638,0.5973,1.908,0.086
O,8.805,34.114,10.078,-0.5679,1.6612,0.21
CB,7.461,32.049,7.978,-0.0036,1.908,0.1094
CG,6.379,31.307,8.755,-0.0645,1.908,0.1094
CD,6.371,29.837,8.433,0.6951,1.908,0.086
OE1,7.076,29.39,7.535,-0.6086,1.6612,0.21
NE2,5.615,28.987,9.096,-0.9407,1.824,0.17
H,8.885,33.547,6.929,0.2719,0.6,0.0157
HA,6.499,33.886,8.008,0.085,1.387,0.0157
HB2,7.372,31.849,7.033,0.0171,1.487,0.0157
HB3,8.333,31.727,8.255,0.0171,1.487,0.0157
HG2,6.522,31.429,9.707,0.0352,1.487,0.0157
HG3,5.512,31.689,8.547,0.0352,1.487,0.0157
HE21,5.109,29.267,9.732,0.4251,0.6,0.0157
HE22,5.628,28.151,8.893,0.4251,0.6,0.0157
N,6.592,34.146,10.385,-0.3479,1.824,0.17
CA,6.683,34.411,11.809,-0.2637,1.908,0.1094
C,5.872,33.28,12.44,0.7341,1.908,0.086
O,4.72,33.035,12.04,-0.5894,1.6612,0.21
CB,6.068,35.758,12.12,-0.0007,1.908,0.1094
CG,6.308,36.078,13.59,0.039,1.908,0.1094
CD,5.848,37.498,13.783,0.0486,1.908,0.1094
NE,6.045,37.842,15.164,-0.5295,1.824,0.17
CZ,6.133,39.09,15.585,0.8076,1.908,0.086
NH1,6.025,40.129,14.762,-0.8627,1.824,0.17
NH2,6.425,39.286,16.859,-0.8627,1.824,0.17
H,5.788,34.135,10.079,0.2747,0.6,0.0157
HA,7.594,34.441,12.14,0.156,1.387,0.0157
HB2,6.461,36.444,11.558,0.0327,1.487,0.0157
HB3,5.117,35.745,11.93,0.0327,1.487,0.0157
HG2,5.813,35.471,14.163,0.0285,1.487,0.0157
HG3,7.246,35.982,13.818,0.0285,1.487,0.0157
HD2,6.349,38.098,13.209,0.0687,1.387,0.0157
HD3,4.913,37.588,13.541,0.0687,1.387,0.0157
HE,6.108,37.208,15.741,0.3456,0.6,0.0157
HH11,5.893,40.0,13.922,0.4478,0.6,0.0157
HH12,6.087,40.93,15.07,0.4478,0.6,0.0157
HH21,6.55,38.613,17.38,0.4478,0.6,0.0157
HH22,6.49,40.086,17.167,0.4478,0.6,0.0157
N,6.474,32.562,13.385,('N', 0.2719),1.824,0.17
CA,5.846,31.412,13.997,0.0337,1.908,0.1094
C,6.148,31.34,15.488,0.5973,1.908,0.086
O,7.101,31.933,15.994,-0.5679,1.6612,0.21
CB,6.352,30.125,13.35,-0.1825,1.908,0.1094
H,7.261,32.734,13.686,0.2719,0.6,0.0157
HA,4.89,31.506,13.866,0.0823,1.387,0.0157
HB1,5.924,29.362,13.769,0.0603,1.487,0.0157
HB2,6.141,30.134,12.403,0.0603,1.487,0.0157
HB3,7.313,30.06,13.466,0.0603,1.487,0.0157
N,5.291,30.621,16.205,-0.3479,1.824,0.17
CA,5.559,30.257,17.574,-0.24,1.908,0.1094
C,6.055,28.816,17.559,0.7341,1.908,0.086
O,5.407,27.895,17.027,-0.5894,1.6612,0.21
CB,4.32,30.327,18.424,-0.0094,1.908,0.1094
CG,4.211,31.742,18.965,0.0187,1.908,0.1094
CD,3.026,31.912,19.901,-0.0479,1.908,0.1094
CE,2.678,33.385,20.076,-0.0143,1.908,0.1094
NZ,3.855,34.199,20.335,-0.3854,1.824,0.17
H,4.538,30.334,15.904,0.2747,0.6,0.0157
HA,6.209,30.871,17.949,0.1426,1.387,0.0157
HB2,3.535,30.101,17.901,0.0362,1.487,0.0157
HB3,4.37,29.687,19.151,0.0362,1.487,0.0157
HG2,5.028,31.97,19.436,0.0103,1.487,0.0157
HG3,4.128,32.363,18.225,0.0103,1.487,0.0157
HD2,2.259,31.434,19.548,0.0621,1.487,0.0157
HD3,3.232,31.52,20.764,0.0621,1.487,0.0157
HE2,2.233,33.708,19.277,0.1135,1.1,0.0157
HE3,2.051,33.483,20.81,0.1135,1.1,0.0157
HZ1,3.605,34.985,20.67,0.34,0.6,0.0157
HZ2,4.382,33.782,20.918,0.34,0.6,0.0157
HZ3,4.299,34.329,19.575,0.34,0.6,0.0157
N,7.229,28.601,18.126,-0.4157,1.824,0.17
CA,7.81,27.272,18.258,-0.0518,1.908,0.1094
C,7.628,26.874,19.727,0.5973,1.908,0.086
O,8.088,27.644,20.559,-0.5679,1.6612,0.21
CB,9.322,27.28,17.94,-0.1102,1.908,0.1094
CG,9.863,27.901,16.673,0.3531,1.908,0.1094
CD1,11.346,27.543,16.548,-0.4121,1.908,0.1094
CD2,9.079,27.417,15.479,-0.4121,1.908,0.1094
H,7.719,29.229,18.45,0.2719,0.6,0.0157
HA,7.38,26.659,17.641,0.0922,1.387,0.0157
HB2,9.763,27.724,18.681,0.0457,1.487,0.0157
HB3,9.616,26.356,17.948,0.0457,1.487,0.0157
HG,9.772,28.866,16.708,-0.0361,1.487,0.0157
HD11,11.707,27.936,15.738,0.1,1.487,0.0157
HD12,11.828,27.887,17.316,0.1,1.487,0.0157
HD13,11.444,26.579,16.511,0.1,1.487,0.0157
HD21,9.435,27.822,14.672,0.1,1.487,0.0157
HD22,9.15,26.452,15.414,0.1,1.487,0.0157
HD23,8.147,27.666,15.581,0.1,1.487,0.0157
N,6.965,25.775,20.078,-0.4157,1.824,0.17
CA,6.838,25.309,21.44,-0.0389,1.908,0.1094
C,7.741,24.095,21.476,0.5973,1.908,0.086
O,7.592,23.161,20.679,-0.5679,1.6612,0.21
CB,5.414,24.895,21.784,0.3654,1.908,0.1094
OG1,4.642,26.054,21.62,-0.6761,1.721,0.2104
CG2,5.236,24.409,23.226,-0.2438,1.908,0.1094
H,6.567,25.27,19.507,0.2719,0.6,0.0157
HA,7.069,26.002,22.078,0.1007,1.387,0.0157
HB,5.159,24.152,21.215,0.0043,1.387,0.0157
HG1,4.509,26.189,20.802,0.4102,0.0,0.0
HG21,4.309,24.163,23.373,0.0642,1.487,0.0157
HG22,5.803,23.637,23.38,0.0642,1.487,0.0157
HG23,5.483,25.118,23.84,0.0642,1.487,0.0157
N,8.672,24.095,22.424,-0.4157,1.824,0.17
CA,9.747,23.126,22.452,-0.0597,1.908,0.1094
C,9.71,22.442,23.802,0.5973,1.908,0.086
O,9.734,23.075,24.861,-0.5679,1.6612,0.21
CB,11.07,23.886,22.234,0.1303,1.908,0.1094
CG1,11.096,24.542,20.826,-0.043,1.908,0.1094
CG2,12.226,22.905,22.398,-0.3204,1.908,0.1094
CD1,12.187,25.58,20.608,-0.066,1.908,0.1094
H,8.694,24.662,23.07,0.2719,0.6,0.0157
HA,9.66,22.453,21.759,0.0869,1.387,0.0157
HB,11.153,24.597,22.889,0.0187,1.487,0.0157
HG12,11.199,23.842,20.162,0.0236,1.487,0.0157
HG13,10.236,24.961,20.665,0.0236,1.487,0.0157
HG21,13.067,23.37,22.263,0.0882,1.487,0.0157
HG22,12.206,22.527,23.291,0.0882,1.487,0.0157
HG23,12.142,22.194,21.744,0.0882,1.487,0.0157
HD11,12.124,25.931,19.706,0.0186,1.487,0.0157
HD12,12.078,26.303,21.245,0.0186,1.487,0.0157
HD13,13.056,25.168,20.734,0.0186,1.487,0.0157
N,9.665,21.127,23.763,-0.4157,1.824,0.17
CA,9.673,20.328,24.973,-0.0249,1.908,0.1094
C,11.041,20.387,25.667,0.5973,1.908,0.086
O,12.065,20.584,24.98,-0.5679,1.6612,0.21
CB,9.306,18.885,24.572,0.2117,1.908,0.1094
OG,10.254,18.288,23.664,-0.6546,1.721,0.2104
H,9.629,20.669,23.036,0.2719,0.6,0.0157
HA,9.029,20.672,25.612,0.0843,1.387,0.0157
HB2,9.245,18.339,25.372,0.0352,1.387,0.0157
HB3,8.428,18.884,24.16,0.0352,1.387,0.0157
HG,10.697,17.699,24.068,0.4275,0.0,0.0
N,11.194,20.101,26.961,-0.2548,1.824,0.17
CA,12.475,20.248,27.658,-0.0266,1.908,0.1094
C,13.607,19.429,27.052,0.5896,1.908,0.086
O,14.747,19.864,26.949,-0.5748,1.6612,0.21
CB,12.211,19.846,29.069,-0.007,1.908,0.1094
CG,10.715,19.971,29.221,0.0189,1.908,0.1094
CD,10.109,19.74,27.861,0.0192,1.908,0.1094
HA,12.786,21.164,27.584,0.0641,1.387,0.0157
HB2,12.509,18.939,29.24,0.0253,1.487,0.0157
HB3,12.679,20.421,29.694,0.0253,1.487,0.0157
HG2,10.38,19.322,29.86,0.0213,1.487,0.0157
HG3,10.477,20.849,29.557,0.0213,1.487,0.0157
HD2,9.834,18.818,27.741,0.0391,1.387,0.0157
HD3,9.324,20.291,27.718,0.0391,1.387,0.0157
N,13.367,18.212,26.626,-0.5163,1.824,0.17
CA,14.429,17.396,26.05,0.0381,1.908,0.1094
C,15.025,17.98,24.758,0.5366,1.908,0.086
O,16.153,17.678,24.369,-0.5819,1.6612,0.21
CB,13.866,15.98,25.827,-0.0303,1.908,0.1094
CG,12.466,15.843,25.184,0.7994,1.908,0.086
OD1,11.472,16.396,25.689,-0.8014,1.6612,0.21
OD2,12.372,15.129,24.184,-0.8014,1.6612,0.21
H,12.597,17.831,26.657,0.2936,0.6,0.0157
HA,15.173,17.375,26.671,0.088,1.387,0.0157
HB2,14.496,15.495,25.271,-0.0122,1.487,0.0157
HB3,13.842,15.532,26.687,-0.0122,1.487,0.0157
N,14.281,18.857,24.074,-0.4157,1.824,0.17
CA,14.743,19.526,22.862,-0.0014,1.908,0.1094
C,15.261,20.922,23.229,0.5973,1.908,0.086
O,15.546,21.725,22.342,-0.5679,1.6612,0.21
CB,13.589,19.641,21.856,-0.0152,1.908,0.1094
CG,13.528,18.374,21.047,-0.0011,1.908,0.086
CD1,13.185,17.183,21.664,-0.1906,1.908,0.086
CD2,13.883,18.392,19.73,-0.1906,1.908,0.086
CE1,13.21,16.003,20.959,-0.2341,1.908,0.086
CE2,13.913,17.208,19.014,-0.2341,1.908,0.086
CZ,13.579,16.024,19.636,0.3226,1.908,0.086
OH,13.612,14.836,18.941,-0.5579,1.721,0.2104
H,13.484,19.08,24.308,0.2719,0.6,0.0157
HA,15.458,19.011,22.456,0.0876,1.387,0.0157
HB2,12.75,19.784,22.321,0.0295,1.487,0.0157
HB3,13.725,20.405,21.274,0.0295,1.487,0.0157
HD1,12.936,17.181,22.56,0.1699,1.459,0.015
HD2,14.104,19.195,19.316,0.1699,1.459,0.015
HE1,12.98,15.202,21.372,0.1656,1.459,0.015
HE2,14.158,17.211,18.117,0.1656,1.459,0.015
HH,13.634,14.994,18.116,0.3992,0.0,0.0
N,15.386,21.216,24.527,('N', 0.2719),1.824,0.17
CA,15.891,22.473,25.044,0.0337,1.908,0.1094
C,16.834,22.135,26.211,0.5973,1.908,0.086
O,17.756,21.338,26.054,-0.5679,1.6612,0.21
CB,14.701,23.336,25.518,-0.1825,1.908,0.1094
H,15.168,20.662,25.147,0.2719,0.6,0.0157
HA,16.373,22.976,24.369,0.0823,1.387,0.0157
HB1,15.031,24.179,25.866,0.0603,1.487,0.0157
HB2,14.106,23.505,24.771,0.0603,1.487,0.0157
HB3,14.218,22.866,26.216,0.0603,1.487,0.0157
N,16.641,22.645,27.437,-0.4157,1.824,0.17
CA,17.585,22.49,28.546,-0.0014,1.908,0.1094
C,17.256,21.377,29.536,0.5973,1.908,0.086
O,17.873,21.297,30.595,-0.5679,1.6612,0.21
CB,17.7,23.873,29.23,-0.0152,1.908,0.1094
CG,18.091,24.957,28.228,-0.0011,1.908,0.086
CD1,17.156,25.889,27.772,-0.1906,1.908,0.086
CD2,19.387,24.985,27.734,-0.1906,1.908,0.086
CE1,17.529,26.834,26.821,-0.2341,1.908,0.086
CE2,19.761,25.917,26.799,-0.2341,1.908,0.086
CZ,18.828,26.826,26.358,0.3226,1.908,0.086
OH,19.204,27.766,25.441,-0.5579,1.721,0.2104
H,15.942,23.099,27.647,0.2719,0.6,0.0157
HA,18.436,22.197,28.184,0.0876,1.387,0.0157
HB2,16.853,24.103,29.644,0.0295,1.487,0.0157
HB3,18.361,23.832,29.939,0.0295,1.487,0.0157
HD1,16.287,25.878,28.103,0.1699,1.459,0.015
HD2,20.009,24.365,28.04,0.1699,1.459,0.015
HE1,16.916,27.457,26.505,0.1656,1.459,0.015
HE2,20.63,25.934,26.469,0.1656,1.459,0.015
HH,20.013,27.656,25.242,0.3992,0.0,0.0
N,16.26,20.524,29.264,-0.4157,1.824,0.17
CA,15.937,19.314,30.02,-0.0252,1.908,0.1094
C,15.673,19.505,31.504,0.5973,1.908,0.086
O,15.083,20.491,31.974,-0.5679,1.6612,0.21
H,15.729,20.645,28.598,0.2719,0.6,0.0157
HA2,15.154,18.904,29.621,0.0698,1.387,0.0157
HA3,16.669,18.686,29.918,0.0698,1.387,0.0157
N,16.17,18.541,32.259,('N', 0.2719),1.824,0.17
CA,16.01,18.517,33.68,0.0337,1.908,0.1094
C,16.925,19.513,34.36,0.5973,1.908,0.086
O,16.739,19.765,35.549,-0.5679,1.6612,0.21
CB,16.32,17.127,34.202,-0.1825,1.908,0.1094
H,16.616,17.875,31.946,0.2719,0.6,0.0157
HA,15.092,18.758,33.88,0.0823,1.387,0.0157
HB1,16.211,17.111,35.166,0.0603,1.487,0.0157
HB2,15.713,16.487,33.798,0.0603,1.487,0.0157
HB3,17.234,16.893,33.976,0.0603,1.487,0.0157
N,17.928,20.062,33.665,-0.4157,1.824,0.17
CA,18.852,20.999,34.287,-0.0389,1.908,0.1094
C,18.302,22.421,34.247,0.5973,1.908,0.086
O,18.341,23.115,35.259,-0.5679,1.6612,0.21
CB,20.236,20.977,33.571,0.3654,1.908,0.1094
OG1,20.671,19.628,33.618,-0.6761,1.721,0.2104
CG2,21.284,21.931,34.205,-0.2438,1.908,0.1094
H,18.085,19.902,32.835,0.2719,0.6,0.0157
HA,18.961,20.721,35.21,0.1007,1.387,0.0157
HB,20.142,21.302,32.662,0.0043,1.387,0.0157
HG1,20.283,19.187,33.017,0.4102,0.0,0.0
HG21,22.118,21.868,33.714,0.0642,1.487,0.0157
HG22,20.956,22.843,34.169,0.0642,1.487,0.0157
HG23,21.434,21.679,35.129,0.0642,1.487,0.0157
N,17.811,22.871,33.07,-0.4157,1.824,0.17
CA,17.418,24.26,32.84,-0.0252,1.908,0.1094
C,18.655,25.052,32.45,0.5973,1.908,0.086
O,19.714,24.5,32.16,-0.5679,1.6612,0.21
H,17.7,22.364,32.384,0.2719,0.6,0.0157
HA2,16.751,24.31,32.138,0.0698,1.387,0.0157
HA3,17.017,24.634,33.64,0.0698,1.387,0.0157
N,18.577,26.37,32.423,-0.3479,1.824,0.17
CA,19.717,27.192,32.053,-0.1354,1.908,0.1094
C,19.981,28.064,33.242,0.7341,1.908,0.086
O,19.079,28.803,33.626,-0.5894,1.6612,0.21
CB,19.41,28.087,30.849,-0.0414,1.908,0.1094
CG,20.611,28.915,30.391,-0.0012,1.908,0.086
ND1,21.635,28.529,29.625,-0.1513,1.824,0.17
CD2,20.831,30.216,30.753,-0.1141,1.908,0.086
CE1,22.468,29.53,29.518,-0.017,1.908,0.086
NE2,21.963,30.532,30.194,-0.1718,1.824,0.17
H,17.866,26.814,32.617,0.2747,0.6,0.0157
HA,20.47,26.632,31.809,0.1212,1.387,0.0157
HB2,19.106,27.534,30.112,0.081,1.487,0.0157
HB3,18.68,28.685,31.076,0.081,1.487,0.0157
HD1,21.73,27.754,29.264,0.3866,0.6,0.0157
HD2,20.29,30.756,31.283,0.2317,1.409,0.015
HE1,23.271,29.531,29.049,0.3866,1.359,0.015
HE2,22.334,31.305,30.26,0.3911,0.6,0.0157
N,21.171,28.079,33.839,-0.2548,1.824,0.17
CA,21.43,28.752,35.108,-0.0266,1.908,0.1094
C,20.938,30.185,35.227,0.5896,1.908,0.086
O,21.133,31.046,34.358,-0.5748,1.6612,0.21
CB,22.927,28.635,35.285,-0.007,1.908,0.1094
CG,23.425,28.366,33.9,0.0189,1.908,0.1094
CD,22.358,27.443,33.318,0.0192,1.908,0.1094
HA,20.918,28.328,35.814,0.0641,1.387,0.0157
HB2,23.308,29.449,35.649,0.0253,1.487,0.0157
HB3,23.159,27.916,35.894,0.0253,1.487,0.0157
HG2,23.511,29.184,33.385,0.0213,1.487,0.0157
HG3,24.298,27.943,33.909,0.0213,1.487,0.0157
HD2,22.373,27.422,32.348,0.0391,1.387,0.0157
HD3,22.453,26.527,33.623,0.0391,1.387,0.0157
N,20.107,30.331,36.236,-0.4157,1.824,0.17
CA,19.566,31.626,36.583,-0.0252,1.908,0.1094
C,18.505,32.152,35.63,0.5973,1.908,0.086
O,18.005,33.249,35.861,-0.5679,1.6612,0.21
H,19.84,29.686,36.738,0.2719,0.6,0.0157
HA2,19.185,31.575,37.474,0.0698,1.387,0.0157
HA3,20.294,32.266,36.622,0.0698,1.387,0.0157
N,18.098,31.445,34.583,-0.4157,1.824,0.17
CA,17.134,31.967,33.624,-0.0597,1.908,0.1094
C,15.978,30.977,33.417,0.5973,1.908,0.086
O,14.799,31.362,33.467,-0.5679,1.6612,0.21
CB,17.822,32.259,32.227,0.1303,1.908,0.1094
CG1,19.109,33.125,32.287,-0.043,1.908,0.1094
CG2,16.777,32.999,31.389,-0.3204,1.908,0.1094
CD1,18.977,34.564,32.787,-0.066,1.908,0.1094
H,18.373,30.649,34.409,0.2719,0.6,0.0157
HA,16.786,32.797,33.987,0.0869,1.387,0.0157
HB,18.108,31.409,31.857,0.0187,1.487,0.0157
HG12,19.749,32.669,32.856,0.0236,1.487,0.0157
HG13,19.491,33.153,31.396,0.0236,1.487,0.0157
HG21,17.148,33.204,30.516,0.0882,1.487,0.0157
HG22,15.992,32.439,31.283,0.0882,1.487,0.0157
HG23,16.528,33.823,31.836,0.0882,1.487,0.0157
HD11,19.847,34.992,32.775,0.0186,1.487,0.0157
HD12,18.369,35.053,32.21,0.0186,1.487,0.0157
HD13,18.631,34.561,33.693,0.0186,1.487,0.0157
N,16.251,29.697,33.189,-0.4157,1.824,0.17
CA,15.197,28.731,32.884,-0.0597,1.908,0.1094
C,15.223,27.623,33.927,0.5973,1.908,0.086
O,16.308,27.054,34.125,-0.5679,1.6612,0.21
CB,15.455,28.2,31.463,0.1303,1.908,0.1094
CG1,15.207,29.367,30.477,-0.043,1.908,0.1094
CG2,14.551,26.984,31.171,-0.3204,1.908,0.1094
CD1,15.752,29.149,29.097,-0.066,1.908,0.1094
H,17.044,29.365,33.206,0.2719,0.6,0.0157
HA,14.315,29.133,32.913,0.0869,1.387,0.0157
HB,16.369,27.889,31.366,0.0187,1.487,0.0157
HG12,14.252,29.523,30.413,0.0236,1.487,0.0157
HG13,15.602,30.173,30.844,0.0236,1.487,0.0157
HG21,14.724,26.66,30.273,0.0882,1.487,0.0157
HG22,14.74,26.279,31.81,0.0882,1.487,0.0157
HG23,13.62,27.247,31.246,0.0882,1.487,0.0157
HD11,15.555,29.922,28.545,0.0186,1.487,0.0157
HD12,16.712,29.022,29.145,0.0186,1.487,0.0157
HD13,15.341,28.361,28.707,0.0186,1.487,0.0157
N,14.093,27.308,34.612,-0.2548,1.824,0.17
CA,13.949,26.218,35.568,-0.0266,1.908,0.1094
C,14.068,24.844,34.916,0.5896,1.908,0.086
O,13.905,24.726,33.682,-0.5748,1.6612,0.21
CB,12.583,26.468,36.183,-0.007,1.908,0.1094
CG,11.798,26.952,35.019,0.0189,1.908,0.1094
CD,12.792,27.988,34.503,0.0192,1.908,0.1094
HA,14.656,26.206,36.232,0.0641,1.387,0.0157
HB2,12.204,25.661,36.565,0.0253,1.487,0.0157
HB3,12.621,27.127,36.894,0.0253,1.487,0.0157
HG2,11.611,26.253,34.373,0.0213,1.487,0.0157
HG3,10.946,27.34,35.273,0.0213,1.487,0.0157
HD2,12.598,28.242,33.587,0.0391,1.387,0.0157
HD3,12.769,28.8,35.034,0.0391,1.387,0.0157
N,14.345,23.783,35.697,-0.2548,1.824,0.17
CA,14.237,22.395,35.291,-0.0266,1.908,0.1094
C,12.89,22.075,34.648,0.5896,1.908,0.086
O,11.862,22.633,35.042,-0.5748,1.6612,0.21
CB,14.461,21.619,36.573,-0.007,1.908,0.1094
CG,15.394,22.502,37.355,0.0189,1.908,0.1094
CD,14.711,23.846,37.117,0.0192,1.908,0.1094
HA,14.881,22.165,34.603,0.0641,1.387,0.0157
HB2,13.63,21.467,37.049,0.0253,1.487,0.0157
HB3,14.853,20.749,36.401,0.0253,1.487,0.0157
HG2,15.435,22.264,38.294,0.0213,1.487,0.0157
HG3,16.303,22.479,37.017,0.0213,1.487,0.0157
HD2,13.932,23.959,37.684,0.0391,1.387,0.0157
HD3,15.306,24.589,37.302,0.0391,1.387,0.0157
N,12.912,21.2,33.636,-0.3479,1.824,0.17
CA,11.744,20.644,32.959,-0.1354,1.908,0.1094
C,10.876,21.718,32.33,0.7341,1.908,0.086
O,9.647,21.587,32.317,-0.5894,1.6612,0.21
CB,10.855,19.835,33.948,-0.0414,1.908,0.1094
CG,11.665,18.842,34.743,-0.0012,1.908,0.086
ND1,12.264,17.738,34.324,-0.1513,1.824,0.17
CD2,11.981,19.038,36.062,-0.1141,1.908,0.086
CE1,12.942,17.254,35.325,-0.017,1.908,0.086
NE2,12.776,18.05,36.358,-0.1718,1.824,0.17
H,13.651,20.902,33.312,0.2747,0.6,0.0157
HA,12.093,20.066,32.263,0.1212,1.387,0.0157
HB2,10.406,20.446,34.554,0.081,1.487,0.0157
HB3,10.164,19.367,33.454,0.081,1.487,0.0157
HD1,12.214,17.402,33.534,0.3866,0.6,0.0157
HD2,11.692,19.723,36.621,0.2317,1.409,0.015
HE1,13.455,16.479,35.311,0.3866,1.359,0.015
HE2,13.143,17.934,37.127,0.3911,0.6,0.0157
N,11.437,22.798,31.8,('N', 0.2719),1.824,0.17
CA,10.598,23.842,31.227,0.0337,1.908,0.1094
C,10.31,23.717,29.72,0.5973,1.908,0.086
O,11.236,23.505,28.932,-0.5679,1.6612,0.21
CB,11.24,25.185,31.483,-0.1825,1.908,0.1094
H,12.284,22.945,31.762,0.2719,0.6,0.0157
HA,9.739,23.746,31.666,0.0823,1.387,0.0157
HB1,10.687,25.886,31.104,0.0603,1.487,0.0157
HB2,11.328,25.325,32.439,0.0603,1.487,0.0157
HB3,12.118,25.208,31.071,0.0603,1.487,0.0157
N,9.027,23.735,29.314,-0.4157,1.824,0.17
CA,8.643,23.874,27.916,-0.0389,1.908,0.1094
C,8.841,25.356,27.556,0.5973,1.908,0.086
O,8.456,26.252,28.319,-0.5679,1.6612,0.21
CB,7.174,23.482,27.7,0.3654,1.908,0.1094
OG1,7.109,22.075,27.92,-0.6761,1.721,0.2104
CG2,6.664,23.815,26.291,-0.2438,1.908,0.1094
H,8.36,23.666,29.852,0.2719,0.6,0.0157
HA,9.181,23.29,27.358,0.1007,1.387,0.0157
HB,6.609,23.984,28.308,0.0043,1.387,0.0157
HG1,7.307,21.907,28.719,0.4102,0.0,0.0
HG21,5.735,23.547,26.211,0.0642,1.487,0.0157
HG22,6.739,24.77,26.137,0.0642,1.487,0.0157
HG23,7.195,23.339,25.634,0.0642,1.487,0.0157
N,9.542,25.615,26.437,-0.4157,1.824,0.17
CA,9.827,26.969,26.019,-0.0518,1.908,0.1094
C,9.008,27.319,24.782,0.5973,1.908,0.086
O,8.677,26.478,23.932,-0.5679,1.6612,0.21
CB,11.323,27.085,25.721,-0.1102,1.908,0.1094
CG,12.324,26.672,26.8,0.3531,1.908,0.1094
CD1,13.738,26.938,26.287,-0.4121,1.908,0.1094
CD2,12.07,27.455,28.087,-0.4121,1.908,0.1094
H,9.856,25.008,25.915,0.2719,0.6,0.0157
HA,9.588,27.59,26.725,0.0922,1.387,0.0157
HB2,11.507,26.553,24.931,0.0457,1.487,0.0157
HB3,11.505,28.009,25.49,0.0457,1.487,0.0157
HG,12.221,25.728,26.997,-0.0361,1.487,0.0157
HD11,14.382,26.679,26.964,0.1,1.487,0.0157
HD12,13.892,26.422,25.481,0.1,1.487,0.0157
HD13,13.839,27.882,26.09,0.1,1.487,0.0157
HD21,12.711,27.184,28.763,0.1,1.487,0.0157
HD22,12.166,28.404,27.913,0.1,1.487,0.0157
HD23,11.171,27.275,28.404,0.1,1.487,0.0157
N,8.628,28.581,24.7,-0.4157,1.824,0.17
CA,7.892,29.115,23.579,-0.0875,1.908,0.1094
C,8.741,30.223,22.984,0.5973,1.908,0.086
O,9.151,31.153,23.686,-0.5679,1.6612,0.21
CB,6.539,29.68,24.043,0.2985,1.908,0.1094
CG1,5.757,30.242,22.858,-0.3192,1.908,0.1094
CG2,5.741,28.567,24.712,-0.3192,1.908,0.1094
H,8.796,29.163,25.311,0.2719,0.6,0.0157
HA,7.711,28.422,22.925,0.0969,1.387,0.0157
HB,6.693,30.401,24.674,-0.0297,1.487,0.0157
HG11,4.908,30.594,23.168,0.0791,1.487,0.0157
HG12,6.268,30.953,22.441,0.0791,1.487,0.0157
HG13,5.598,29.537,22.211,0.0791,1.487,0.0157
HG21,4.885,28.915,25.008,0.0791,1.487,0.0157
HG22,5.595,27.847,24.078,0.0791,1.487,0.0157
HG23,6.234,28.229,25.476,0.0791,1.487,0.0157
N,9.054,30.144,21.692,-0.4157,1.824,0.17
CA,9.789,31.189,20.99,-0.0024,1.908,0.1094
C,8.912,31.804,19.924,0.5973,1.908,0.086
O,8.247,31.071,19.203,-0.5679,1.6612,0.21
CB,11.034,30.638,20.314,-0.0343,1.908,0.1094
CG,12.111,30.397,21.336,0.0118,1.908,0.086
CD1,12.204,29.153,21.94,-0.1256,1.908,0.086
CD2,13.015,31.4,21.642,-0.1256,1.908,0.086
CE1,13.217,28.88,22.859,-0.1704,1.908,0.086
CE2,14.018,31.118,22.56,-0.1704,1.908,0.086
CZ,14.123,29.866,23.162,-0.1072,1.908,0.086
H,8.843,29.475,21.195,0.2719,0.6,0.0157
HA,10.051,31.851,21.649,0.0978,1.387,0.0157
HB2,10.822,29.81,19.855,0.0295,1.487,0.0157
HB3,11.349,31.262,19.642,0.0295,1.487,0.0157
HD1,11.584,28.493,21.73,0.133,1.459,0.015
HD2,12.952,32.238,21.244,0.133,1.459,0.015
HE1,13.278,28.043,23.26,0.143,1.459,0.015
HE2,14.634,31.78,22.778,0.143,1.459,0.015
HZ,14.807,29.698,23.769,0.1297,1.459,0.015
N,8.816,33.112,19.85,-0.5163,1.824,0.17
CA,8.168,33.823,18.763,0.0381,1.908,0.1094
C,9.349,34.137,17.833,0.5366,1.908,0.086
O,10.188,34.977,18.181,-0.5819,1.6612,0.21
CB,7.55,35.103,19.29,-0.0303,1.908,0.1094
CG,6.858,35.959,18.235,0.7994,1.908,0.086
OD1,7.185,35.891,17.045,-0.8014,1.6612,0.21
OD2,5.985,36.735,18.625,-0.8014,1.6612,0.21
H,9.137,33.635,20.452,0.2936,0.6,0.0157
HA,7.454,33.329,18.329,0.088,1.387,0.0157
HB2,6.905,34.877,19.979,-0.0122,1.487,0.0157
HB3,8.244,35.632,19.714,-0.0122,1.487,0.0157
N,9.407,33.506,16.662,-0.4157,1.824,0.17
CA,10.524,33.589,15.719,-0.0875,1.908,0.1094
C,10.077,34.152,14.36,0.5973,1.908,0.086
O,9.067,33.712,13.788,-0.5679,1.6612,0.21
CB,11.157,32.163,15.508,0.2985,1.908,0.1094
CG1,12.345,32.228,14.552,-0.3192,1.908,0.1094
CG2,11.637,31.602,16.847,-0.3192,1.908,0.1094
H,8.772,32.997,16.383,0.2719,0.6,0.0157
HA,11.183,34.192,16.097,0.0969,1.387,0.0157
HB,10.474,31.588,15.129,-0.0297,1.487,0.0157
HG11,12.718,31.34,14.438,0.0791,1.487,0.0157
HG12,12.051,32.568,13.692,0.0791,1.487,0.0157
HG13,13.023,32.818,14.917,0.0791,1.487,0.0157
HG21,12.026,30.724,16.71,0.0791,1.487,0.0157
HG22,12.305,32.195,17.226,0.0791,1.487,0.0157
HG23,10.886,31.531,17.456,0.0791,1.487,0.0157
N,10.8,35.133,13.836,-0.5163,1.824,0.17
CA,10.567,35.643,12.489,0.0397,1.908,0.1094
C,11.817,35.354,11.654,0.5366,1.908,0.086
O,12.932,35.735,12.041,-0.5819,1.6612,0.21
CB,10.272,37.15,12.589,0.056,1.908,0.1094
CG,9.815,37.83,11.313,0.0136,1.908,0.1094
CD,9.358,39.274,11.544,0.8054,1.908,0.086
OE1,10.137,40.077,12.045,-0.8188,1.6612,0.21
OE2,8.218,39.603,11.232,-0.8188,1.6612,0.21
H,11.443,35.524,14.252,0.2936,0.6,0.0157
HA,9.808,35.217,12.061,0.1105,1.387,0.0157
HB2,9.59,37.283,13.266,-0.0173,1.487,0.0157
HB3,11.074,37.597,12.902,-0.0173,1.487,0.0157
HG2,10.541,37.823,10.67,-0.0425,1.487,0.0157
HG3,9.086,37.322,10.924,-0.0425,1.487,0.0157
N,11.672,34.642,10.54,-0.4157,1.824,0.17
CA,12.806,34.298,9.704,-0.0518,1.908,0.1094
C,12.891,35.388,8.646,0.5973,1.908,0.086
O,12.134,35.499,7.695,-0.5679,1.6612,0.21
CB,12.58,32.913,9.101,-0.1102,1.908,0.1094
CG,13.644,32.443,8.069,0.3531,1.908,0.1094
CD1,15.059,32.361,8.657,-0.4121,1.908,0.1094
CD2,13.191,31.078,7.547,-0.4121,1.908,0.1094
H,10.917,34.348,10.253,0.2719,0.6,0.0157
HA,13.641,34.253,10.195,0.0922,1.387,0.0157
HB2,12.546,32.266,9.823,0.0457,1.487,0.0157
HB3,11.711,32.904,8.671,0.0457,1.487,0.0157
HG,13.703,33.095,7.354,-0.0361,1.487,0.0157
HD11,15.678,32.064,7.972,0.1,1.487,0.0157
HD12,15.328,33.236,8.977,0.1,1.487,0.0157
HD13,15.067,31.731,9.394,0.1,1.487,0.0157
HD21,13.833,30.75,6.898,0.1,1.487,0.0157
HD22,13.131,30.452,8.286,0.1,1.487,0.0157
HD23,12.321,31.165,7.126,0.1,1.487,0.0157
N,13.88,36.23,8.837,-0.4157,1.824,0.17
CA,14.026,37.444,8.051,-0.0518,1.908,0.1094
C,14.725,37.197,6.746,0.5973,1.908,0.086
O,14.349,37.807,5.735,-0.5679,1.6612,0.21
CB,14.814,38.506,8.847,-0.1102,1.908,0.1094
CG,14.399,38.851,10.288,0.3531,1.908,0.1094
CD1,15.385,39.8,10.95,-0.4121,1.908,0.1094
CD2,13.064,39.51,10.262,-0.4121,1.908,0.1094
H,14.494,36.118,9.429,0.2719,0.6,0.0157
HA,13.13,37.763,7.86,0.0922,1.387,0.0157
HB2,15.74,38.218,8.874,0.0457,1.487,0.0157
HB3,14.788,39.329,8.334,0.0457,1.487,0.0157
HG,14.378,38.025,10.796,-0.0361,1.487,0.0157
HD11,15.091,39.994,11.854,0.1,1.487,0.0157
HD12,16.263,39.388,10.977,0.1,1.487,0.0157
HD13,15.431,40.625,10.442,0.1,1.487,0.0157
HD21,12.794,39.731,11.167,0.1,1.487,0.0157
HD22,13.114,40.321,9.733,0.1,1.487,0.0157
HD23,12.413,38.907,9.869,0.1,1.487,0.0157
N,15.749,36.352,6.759,-0.3479,1.824,0.17
CA,16.495,36.029,5.564,-0.24,1.908,0.1094
C,17.492,34.948,5.83,0.7341,1.908,0.086
O,17.737,34.573,6.98,-0.5894,1.6612,0.21
CB,17.269,37.233,4.988,-0.0094,1.908,0.1094
CG,18.224,38.049,5.798,0.0187,1.908,0.1094
CD,18.937,38.852,4.728,-0.0479,1.908,0.1094
CE,19.76,39.985,5.313,-0.0143,1.908,0.1094
NZ,20.607,40.538,4.268,-0.3854,1.824,0.17
H,16.028,35.951,7.467,0.2747,0.6,0.0157
HA,15.829,35.743,4.92,0.1426,1.387,0.0157
HB2,17.769,36.9,4.226,0.0362,1.487,0.0157
HB3,16.604,37.849,4.644,0.0362,1.487,0.0157
HG2,17.765,38.619,6.435,0.0103,1.487,0.0157
HG3,18.837,37.494,6.305,0.0103,1.487,0.0157
HD2,19.516,38.265,4.217,0.0621,1.487,0.0157
HD3,18.284,39.215,4.109,0.0621,1.487,0.0157
HE2,19.177,40.673,5.672,0.1135,1.1,0.0157
HE3,20.303,39.661,6.049,0.1135,1.1,0.0157
HZ1,21.298,40.96,4.638,0.34,0.6,0.0157
HZ2,20.905,39.88,3.748,0.34,0.6,0.0157
HZ3,20.137,41.113,3.778,0.34,0.6,0.0157
N,17.999,34.457,4.701,-0.4157,1.824,0.17
CA,19.033,33.458,4.585,-0.0518,1.908,0.1094
C,20.171,34.045,3.748,0.5973,1.908,0.086
O,19.99,34.752,2.739,-0.5679,1.6612,0.21
CB,18.489,32.211,3.911,-0.1102,1.908,0.1094
CG,17.368,31.459,4.613,0.3531,1.908,0.1094
CD1,16.818,30.396,3.691,-0.4121,1.908,0.1094
CD2,17.89,30.814,5.866,-0.4121,1.908,0.1094
H,17.721,34.724,3.932,0.2719,0.6,0.0157
HA,19.354,33.211,5.467,0.0922,1.387,0.0157
HB2,18.173,32.462,3.029,0.0457,1.487,0.0157
HB3,19.227,31.595,3.783,0.0457,1.487,0.0157
HG,16.663,32.084,4.846,-0.0361,1.487,0.0157
HD11,16.103,29.917,4.139,0.1,1.487,0.0157
HD12,16.472,30.813,2.886,0.1,1.487,0.0157
HD13,17.525,29.775,3.455,0.1,1.487,0.0157
HD21,17.171,30.337,6.308,0.1,1.487,0.0157
HD22,18.599,30.192,5.639,0.1,1.487,0.0157
HD23,18.238,31.497,6.461,0.1,1.487,0.0157
N,21.334,33.815,4.337,-0.5163,1.824,0.17
CA,22.64,34.166,3.824,0.0397,1.908,0.1094
C,23.445,32.847,3.937,0.5366,1.908,0.086
O,24.628,32.848,4.272,-0.5819,1.6612,0.21
CB,23.236,35.252,4.713,0.056,1.908,0.1094
CG,22.4,36.457,5.1,0.0136,1.908,0.1094
CD,23.039,37.319,6.198,0.8054,1.908,0.086
OE1,22.76,38.516,6.225,-0.8188,1.6612,0.21
OE2,23.794,36.816,7.039,-0.8188,1.6612,0.21
OXT,22.873,31.769,3.758,-0.5931,1.721,0.2104
H,21.381,33.422,5.1,0.2936,0.6,0.0157
HA,22.633,34.509,2.917,0.1105,1.387,0.0157
HB2,23.526,34.826,5.535,-0.0173,1.487,0.0157
HB3,24.032,35.584,4.269,-0.0173,1.487,0.0157
HG2,22.252,37.005,4.313,-0.0425,1.487,0.0157
HG3,21.529,36.154,5.402,-0.0425,1.487,0.0157
